job,m1Time,m2Time,bufferUsage
j1,16,74,1
j2,5,74,1
j3,54,74,1
j4,36,74,1
j5,75,74,1
j6,26,74,1
j7,62,74,1
j8,57,74,1
j9,4,74,1
j10,74,74,1
j11,94,74,1
j12,8,74,1
j13,43,74,1
j14,15,74,1
j15,98,74,1
j16,26,74,1
j17,58,74,1
j18,8,74,1
j19,26,74,1
j20,39,74,1
j21,9,74,1
j22,43,74,1
j23,85,74,1
j24,62,74,1
j25,87,74,1
j26,16,74,1
j27,65,74,1
j28,7,74,1
j29,19,74,1
j30,67,74,1
j31,14,74,1
j32,70,74,1
j33,79,74,1
j34,62,74,1
j35,4,74,1
j36,30,74,1
j37,92,74,1
j38,32,74,1
j39,69,74,1
j40,24,74,1
j41,74,74,1
j42,54,74,1
j43,17,74,1
j44,74,74,1
j45,41,74,1
j46,45,74,1
j47,66,74,1
j48,19,74,1
j49,35,74,1
j50,88,74,1
j51,100,74,1
j52,86,74,1
j53,45,74,1
j54,28,74,1
j55,9,74,1
j56,92,74,1
j57,80,74,1
j58,66,74,1
j59,85,74,1
j60,43,74,1
j61,37,74,1
j62,9,74,1
j63,1,74,1
j64,73,74,1
j65,33,74,1
j66,74,74,1
j67,69,74,1
j68,41,74,1
j69,100,74,1
j70,41,74,1
j71,66,74,1
j72,29,74,1
j73,88,74,1
j74,47,74,1
j75,17,74,1
j76,77,74,1
j77,47,74,1
j78,97,74,1
j79,74,74,1
j80,52,74,1
j81,23,74,1
j82,24,74,1
j83,56,74,1
j84,40,74,1
j85,33,74,1
j86,2,74,1
j87,77,74,1
j88,59,74,1
j89,80,74,1
j90,47,74,1
j91,36,74,1
j92,39,74,1
j93,35,74,1
j94,58,74,1
j95,44,74,1
j96,57,74,1
j97,83,74,1
j98,96,74,1
j99,41,74,1
j100,57,74,1
j101,50,74,1
j102,18,74,1
j103,21,74,1
j104,14,74,1
j105,39,74,1
j106,23,74,1
j107,82,74,1
j108,54,74,1
j109,67,74,1
j110,30,74,1
j111,80,74,1
j112,60,74,1
j113,60,74,1
j114,83,74,1
j115,20,74,1
j116,66,74,1
j117,40,74,1
j118,3,74,1
j119,60,74,1
j120,55,74,1
j121,49,74,1
j122,32,74,1
j123,83,74,1
j124,81,74,1
j125,25,74,1
j126,98,74,1
j127,78,74,1
j128,54,74,1
j129,95,74,1
j130,16,74,1
j131,38,74,1
j132,18,74,1
j133,27,74,1
j134,71,74,1
j135,95,74,1
j136,17,74,1
j137,38,74,1
j138,16,74,1
j139,92,74,1
j140,81,74,1
j141,15,74,1
j142,17,74,1
j143,19,74,1
j144,71,74,1
j145,25,74,1
j146,84,74,1
j147,92,74,1
j148,51,74,1
j149,2,74,1
j150,28,74,1
j151,25,74,1
j152,40,74,1
j153,97,74,1
j154,95,74,1
j155,74,74,1
j156,94,74,1
j157,58,74,1
j158,81,74,1
j159,35,74,1
j160,37,74,1
j161,82,74,1
j162,88,74,1
j163,13,74,1
j164,13,74,1
j165,20,74,1
j166,83,74,1
j167,62,74,1
j168,41,74,1
j169,59,74,1
j170,47,74,1
j171,25,74,1
j172,60,74,1
j173,1,74,1
j174,57,74,1
j175,32,74,1
j176,58,74,1
j177,99,74,1
j178,53,74,1
j179,15,74,1
j180,92,74,1
j181,84,74,1
j182,53,74,1
j183,83,74,1
j184,35,74,1
j185,17,74,1
j186,100,74,1
j187,97,74,1
j188,89,74,1
j189,8,74,1
j190,5,74,1
j191,61,74,1
j192,99,74,1
j193,89,74,1
j194,44,74,1
j195,57,74,1
j196,99,74,1
j197,49,74,1
j198,23,74,1
j199,77,74,1
j200,23,74,1
j201,48,74,1
j202,23,74,1
j203,32,74,1
j204,73,74,1
j205,45,74,1
j206,37,74,1
j207,72,74,1
j208,31,74,1
j209,47,74,1
j210,24,74,1
j211,91,74,1
j212,67,74,1
j213,5,74,1
j214,42,74,1
j215,33,74,1
j216,47,74,1
j217,69,74,1
j218,56,74,1
j219,72,74,1
j220,26,74,1
j221,95,74,1
j222,42,74,1
j223,90,74,1
j224,9,74,1
j225,53,74,1
j226,65,74,1
j227,55,74,1
j228,14,74,1
j229,99,74,1
j230,41,74,1
j231,38,74,1
j232,38,74,1
j233,28,74,1
j234,32,74,1
j235,92,74,1
j236,81,74,1
j237,39,74,1
j238,88,74,1
j239,29,74,1
j240,62,74,1
j241,55,74,1
j242,16,74,1
j243,9,74,1
j244,42,74,1
j245,70,74,1
j246,86,74,1
j247,49,74,1
j248,84,74,1
j249,41,74,1
j250,77,74,1
j251,51,74,1
j252,3,74,1
j253,15,74,1
j254,86,74,1
j255,52,74,1
j256,26,74,1
j257,31,74,1
j258,1,74,1
j259,43,74,1
j260,17,74,1
j261,82,74,1
j262,99,74,1
j263,73,74,1
j264,2,74,1
j265,77,74,1
j266,31,74,1
j267,49,74,1
j268,30,74,1
j269,42,74,1
j270,80,74,1
j271,55,74,1
j272,10,74,1
j273,97,74,1
j274,87,74,1
j275,66,74,1
j276,96,74,1
j277,95,74,1
j278,76,74,1
j279,96,74,1
j280,45,74,1
j281,31,74,1
j282,29,74,1
j283,58,74,1
j284,68,74,1
j285,47,74,1
j286,59,74,1
j287,72,74,1
j288,82,74,1
j289,16,74,1
j290,17,74,1
j291,50,74,1
j292,45,74,1
j293,70,74,1
j294,98,74,1
j295,47,74,1
j296,27,74,1
j297,63,74,1
j298,66,74,1
j299,49,74,1
j300,38,74,1
j301,81,74,1
j302,92,74,1
j303,20,74,1
j304,17,74,1
j305,40,74,1
j306,80,74,1
j307,13,74,1
j308,88,74,1
j309,69,74,1
j310,8,74,1
j311,61,74,1
j312,79,74,1
j313,73,74,1
j314,3,74,1
j315,28,74,1
j316,19,74,1
j317,89,74,1
j318,8,74,1
j319,47,74,1
j320,25,74,1
j321,88,74,1
j322,52,74,1
j323,36,74,1
j324,42,74,1
j325,9,74,1
j326,25,74,1
j327,59,74,1
j328,27,74,1
j329,61,74,1
j330,12,74,1
j331,66,74,1
j332,52,74,1
j333,2,74,1
j334,1,74,1
j335,69,74,1
j336,10,74,1
j337,68,74,1
j338,96,74,1
j339,21,74,1
j340,4,74,1
j341,70,74,1
j342,25,74,1
j343,6,74,1
j344,8,74,1
j345,6,74,1
j346,53,74,1
j347,52,74,1
j348,11,74,1
j349,74,74,1
j350,7,74,1
j351,17,74,1
j352,15,74,1
j353,41,74,1
j354,9,74,1
j355,99,74,1
j356,17,74,1
j357,23,74,1
j358,74,74,1
j359,29,74,1
j360,20,74,1
j361,88,74,1
j362,82,74,1
j363,69,74,1
j364,17,74,1
j365,91,74,1
j366,63,74,1
j367,96,74,1
j368,80,74,1
j369,12,74,1
j370,32,74,1
j371,54,74,1
j372,12,74,1
j373,7,74,1
j374,27,74,1
j375,10,74,1
j376,24,74,1
j377,35,74,1
j378,83,74,1
j379,37,74,1
j380,90,74,1
j381,72,74,1
j382,78,74,1
j383,49,74,1
j384,80,74,1
j385,36,74,1
j386,53,74,1
j387,58,74,1
j388,19,74,1
j389,79,74,1
j390,86,74,1
j391,66,74,1
j392,49,74,1
j393,41,74,1
j394,75,74,1
j395,29,74,1
j396,37,74,1
j397,63,74,1
j398,56,74,1
j399,47,74,1
j400,82,74,1
j401,76,74,1
j402,47,74,1
j403,47,74,1
j404,98,74,1
j405,7,74,1
j406,39,74,1
j407,29,74,1
j408,66,74,1
j409,65,74,1
j410,77,74,1
j411,2,74,1
j412,10,74,1
j413,6,74,1
j414,22,74,1
j415,45,74,1
j416,73,74,1
j417,9,74,1
j418,79,74,1
j419,27,74,1
j420,40,74,1
j421,33,74,1
j422,56,74,1
j423,19,74,1
j424,97,74,1
j425,36,74,1
j426,50,74,1
j427,73,74,1
j428,93,74,1
j429,16,74,1
j430,71,74,1
j431,49,74,1
j432,10,74,1
j433,65,74,1
j434,28,74,1
j435,1,74,1
j436,89,74,1
j437,81,74,1
j438,42,74,1
j439,75,74,1
j440,62,74,1
j441,1,74,1
j442,2,74,1
j443,32,74,1
j444,54,74,1
j445,82,74,1
j446,57,74,1
j447,56,74,1
j448,64,74,1
j449,15,74,1
j450,80,74,1
j451,40,74,1
j452,80,74,1
j453,50,74,1
j454,51,74,1
j455,97,74,1
j456,85,74,1
j457,10,74,1
j458,24,74,1
j459,73,74,1
j460,70,74,1
j461,97,74,1
j462,66,74,1
j463,33,74,1
j464,79,74,1
j465,33,74,1
j466,83,74,1
j467,82,74,1
j468,12,74,1
j469,30,74,1
j470,12,74,1
j471,44,74,1
j472,26,74,1
j473,44,74,1
j474,22,74,1
j475,49,74,1
j476,43,74,1
j477,62,74,1
j478,83,74,1
j479,43,74,1
j480,57,74,1
j481,100,74,1
j482,4,74,1
j483,56,74,1
j484,49,74,1
j485,22,74,1
j486,22,74,1
j487,19,74,1
j488,37,74,1
j489,1,74,1
j490,97,74,1
j491,24,74,1
j492,91,74,1
j493,81,74,1
j494,88,74,1
j495,38,74,1
j496,57,74,1
j497,62,74,1
j498,21,74,1
j499,52,74,1
j500,95,74,1
