job,m1Time,m2Time,bufferUsage
j1,50,74,1
j2,90,74,1
j3,28,74,1
j4,74,74,1
j5,59,74,1
j6,65,74,1
j7,91,74,1
j8,12,74,1
j9,41,74,1
j10,90,74,1
j11,55,74,1
j12,56,74,1
j13,44,74,1
j14,38,74,1
j15,21,74,1
j16,55,74,1
j17,68,74,1
j18,22,74,1
j19,25,74,1
j20,14,74,1
j21,55,74,1
j22,6,74,1
j23,83,74,1
j24,10,74,1
j25,47,74,1
j26,51,74,1
j27,82,74,1
j28,83,74,1
j29,15,74,1
j30,28,74,1
j31,9,74,1
j32,21,74,1
j33,61,74,1
j34,3,74,1
j35,23,74,1
j36,60,74,1
j37,40,74,1
j38,74,74,1
j39,83,74,1
j40,28,74,1
j41,87,74,1
j42,7,74,1
j43,86,74,1
j44,62,74,1
j45,53,74,1
j46,32,74,1
j47,69,74,1
j48,95,74,1
j49,98,74,1
j50,88,74,1
j51,1,74,1
j52,80,74,1
j53,22,74,1
j54,56,74,1
j55,13,74,1
j56,9,74,1
j57,63,74,1
j58,4,74,1
j59,29,74,1
j60,63,74,1
j61,63,74,1
j62,20,74,1
j63,78,74,1
j64,21,74,1
j65,63,74,1
j66,24,74,1
j67,40,74,1
j68,12,74,1
j69,76,74,1
j70,94,74,1
j71,5,74,1
j72,24,74,1
j73,59,74,1
j74,47,74,1
j75,11,74,1
j76,7,74,1
j77,67,74,1
j78,73,74,1
j79,4,74,1
j80,64,74,1
j81,53,74,1
j82,12,74,1
j83,74,74,1
j84,25,74,1
j85,54,74,1
j86,9,74,1
j87,53,74,1
j88,68,74,1
j89,94,74,1
j90,19,74,1
j91,37,74,1
j92,48,74,1
j93,24,74,1
j94,9,74,1
j95,72,74,1
j96,41,74,1
j97,63,74,1
j98,10,74,1
j99,97,74,1
j100,92,74,1
j101,96,74,1
j102,86,74,1
j103,4,74,1
j104,5,74,1
j105,16,74,1
j106,22,74,1
j107,29,74,1
j108,58,74,1
j109,95,74,1
j110,53,74,1
j111,67,74,1
j112,28,74,1
j113,28,74,1
j114,47,74,1
j115,43,74,1
j116,28,74,1
j117,89,74,1
j118,62,74,1
j119,70,74,1
j120,25,74,1
j121,92,74,1
j122,60,74,1
j123,76,74,1
j124,19,74,1
j125,75,74,1
j126,85,74,1
j127,55,74,1
j128,61,74,1
j129,54,74,1
j130,89,74,1
j131,58,74,1
j132,62,74,1
j133,2,74,1
j134,64,74,1
j135,66,74,1
j136,20,74,1
j137,66,74,1
j138,70,74,1
j139,49,74,1
j140,37,74,1
j141,71,74,1
j142,77,74,1
j143,47,74,1
j144,6,74,1
j145,77,74,1
j146,56,74,1
j147,36,74,1
j148,63,74,1
j149,99,74,1
j150,99,74,1
j151,14,74,1
j152,35,74,1
j153,13,74,1
j154,3,74,1
j155,9,74,1
j156,33,74,1
j157,42,74,1
j158,30,74,1
j159,42,74,1
j160,29,74,1
j161,58,74,1
j162,37,74,1
j163,46,74,1
j164,30,74,1
j165,90,74,1
j166,89,74,1
j167,28,74,1
j168,32,74,1
j169,13,74,1
j170,34,74,1
j171,42,74,1
j172,52,74,1
j173,96,74,1
j174,36,74,1
j175,93,74,1
j176,78,74,1
j177,76,74,1
j178,7,74,1
j179,25,74,1
j180,44,74,1
j181,3,74,1
j182,46,74,1
j183,84,74,1
j184,63,74,1
j185,13,74,1
j186,87,74,1
j187,49,74,1
j188,83,74,1
j189,16,74,1
j190,19,74,1
j191,11,74,1
j192,55,74,1
j193,40,74,1
j194,68,74,1
j195,13,74,1
j196,17,74,1
j197,80,74,1
j198,72,74,1
j199,19,74,1
j200,53,74,1
j201,16,74,1
j202,93,74,1
j203,96,74,1
j204,77,74,1
j205,43,74,1
j206,95,74,1
j207,78,74,1
j208,81,74,1
j209,43,74,1
j210,80,74,1
j211,6,74,1
j212,82,74,1
j213,11,74,1
j214,5,74,1
j215,49,74,1
j216,33,74,1
j217,90,74,1
j218,51,74,1
j219,49,74,1
j220,56,74,1
j221,92,74,1
j222,51,74,1
j223,85,74,1
j224,89,74,1
j225,61,74,1
j226,1,74,1
j227,93,74,1
j228,14,74,1
j229,64,74,1
j230,17,74,1
j231,13,74,1
j232,78,74,1
j233,11,74,1
j234,8,74,1
j235,92,74,1
j236,19,74,1
j237,6,74,1
j238,9,74,1
j239,20,74,1
j240,46,74,1
j241,7,74,1
j242,90,74,1
j243,74,74,1
j244,93,74,1
j245,2,74,1
j246,86,74,1
j247,60,74,1
j248,84,74,1
j249,84,74,1
j250,27,74,1
