job,m1Time,m2Time,bufferUsage
j1,50,22,50
j2,90,22,90
j3,28,22,28
j4,74,22,74
j5,59,22,59
j6,65,22,65
j7,91,22,91
j8,12,22,12
j9,41,22,41
j10,90,22,90
j11,55,22,55
j12,56,22,56
j13,44,22,44
j14,38,22,38
j15,21,22,21
j16,55,22,55
j17,68,22,68
j18,22,22,22
j19,25,22,25
j20,14,22,14
j21,55,22,55
j22,6,22,6
j23,83,22,83
j24,10,22,10
j25,47,22,47
j26,51,22,51
j27,82,22,82
j28,83,22,83
j29,15,22,15
j30,28,22,28
j31,9,22,9
j32,21,22,21
j33,61,22,61
j34,3,22,3
j35,23,22,23
j36,60,22,60
j37,40,22,40
j38,74,22,74
j39,83,22,83
j40,28,22,28
j41,87,22,87
j42,7,22,7
j43,86,22,86
j44,62,22,62
j45,53,22,53
j46,32,22,32
j47,69,22,69
j48,95,22,95
j49,98,22,98
j50,88,22,88
j51,1,22,1
j52,80,22,80
j53,22,22,22
j54,56,22,56
j55,13,22,13
j56,9,22,9
j57,63,22,63
j58,4,22,4
j59,29,22,29
j60,63,22,63
j61,63,22,63
j62,20,22,20
j63,78,22,78
j64,21,22,21
j65,63,22,63
j66,24,22,24
j67,40,22,40
j68,12,22,12
j69,76,22,76
j70,94,22,94
j71,5,22,5
j72,24,22,24
j73,59,22,59
j74,47,22,47
j75,11,22,11
j76,7,22,7
j77,67,22,67
j78,73,22,73
j79,4,22,4
j80,64,22,64
j81,53,22,53
j82,12,22,12
j83,74,22,74
j84,25,22,25
j85,54,22,54
j86,9,22,9
j87,53,22,53
j88,68,22,68
j89,94,22,94
j90,19,22,19
j91,37,22,37
j92,48,22,48
j93,24,22,24
j94,9,22,9
j95,72,22,72
j96,41,22,41
j97,63,22,63
j98,10,22,10
j99,97,22,97
j100,92,22,92
j101,96,22,96
j102,86,22,86
j103,4,22,4
j104,5,22,5
j105,16,22,16
j106,22,22,22
j107,29,22,29
j108,58,22,58
j109,95,22,95
j110,53,22,53
j111,67,22,67
j112,28,22,28
j113,28,22,28
j114,47,22,47
j115,43,22,43
j116,28,22,28
j117,89,22,89
j118,62,22,62
j119,70,22,70
j120,25,22,25
j121,92,22,92
j122,60,22,60
j123,76,22,76
j124,19,22,19
j125,75,22,75
j126,85,22,85
j127,55,22,55
j128,61,22,61
j129,54,22,54
j130,89,22,89
j131,58,22,58
j132,62,22,62
j133,2,22,2
j134,64,22,64
j135,66,22,66
j136,20,22,20
j137,66,22,66
j138,70,22,70
j139,49,22,49
j140,37,22,37
j141,71,22,71
j142,77,22,77
j143,47,22,47
j144,6,22,6
j145,77,22,77
j146,56,22,56
j147,36,22,36
j148,63,22,63
j149,99,22,99
j150,99,22,99
j151,14,22,14
j152,35,22,35
j153,13,22,13
j154,3,22,3
j155,9,22,9
j156,33,22,33
j157,42,22,42
j158,30,22,30
j159,42,22,42
j160,29,22,29
j161,58,22,58
j162,37,22,37
j163,46,22,46
j164,30,22,30
j165,90,22,90
j166,89,22,89
j167,28,22,28
j168,32,22,32
j169,13,22,13
j170,34,22,34
j171,42,22,42
j172,52,22,52
j173,96,22,96
j174,36,22,36
j175,93,22,93
j176,78,22,78
j177,76,22,76
j178,7,22,7
j179,25,22,25
j180,44,22,44
j181,3,22,3
j182,46,22,46
j183,84,22,84
j184,63,22,63
j185,13,22,13
j186,87,22,87
j187,49,22,49
j188,83,22,83
j189,16,22,16
j190,19,22,19
j191,11,22,11
j192,55,22,55
j193,40,22,40
j194,68,22,68
j195,13,22,13
j196,17,22,17
j197,80,22,80
j198,72,22,72
j199,19,22,19
j200,53,22,53
j201,16,22,16
j202,93,22,93
j203,96,22,96
j204,77,22,77
j205,43,22,43
j206,95,22,95
j207,78,22,78
j208,81,22,81
j209,43,22,43
j210,80,22,80
j211,6,22,6
j212,82,22,82
j213,11,22,11
j214,5,22,5
j215,49,22,49
j216,33,22,33
j217,90,22,90
j218,51,22,51
j219,49,22,49
j220,56,22,56
j221,92,22,92
j222,51,22,51
j223,85,22,85
j224,89,22,89
j225,61,22,61
j226,1,22,1
j227,93,22,93
j228,14,22,14
j229,64,22,64
j230,17,22,17
j231,13,22,13
j232,78,22,78
j233,11,22,11
j234,8,22,8
j235,92,22,92
j236,19,22,19
j237,6,22,6
j238,9,22,9
j239,20,22,20
j240,46,22,46
j241,7,22,7
j242,90,22,90
j243,74,22,74
j244,93,22,93
j245,2,22,2
j246,86,22,86
j247,60,22,60
j248,84,22,84
j249,84,22,84
j250,27,22,27
