job,m1Time,m2Time,bufferUsage
j1,16,26,16
j2,5,26,5
j3,54,26,54
j4,36,26,36
j5,75,26,75
j6,26,26,26
j7,62,26,62
j8,57,26,57
j9,4,26,4
j10,74,26,74
j11,94,26,94
j12,8,26,8
j13,43,26,43
j14,15,26,15
j15,98,26,98
j16,26,26,26
j17,58,26,58
j18,8,26,8
j19,26,26,26
j20,39,26,39
j21,9,26,9
j22,43,26,43
j23,85,26,85
j24,62,26,62
j25,87,26,87
j26,16,26,16
j27,65,26,65
j28,7,26,7
j29,19,26,19
j30,67,26,67
j31,14,26,14
j32,70,26,70
j33,79,26,79
j34,62,26,62
j35,4,26,4
j36,30,26,30
j37,92,26,92
j38,32,26,32
j39,69,26,69
j40,24,26,24
j41,74,26,74
j42,54,26,54
j43,17,26,17
j44,74,26,74
j45,41,26,41
j46,45,26,45
j47,66,26,66
j48,19,26,19
j49,35,26,35
j50,88,26,88
j51,100,26,100
j52,86,26,86
j53,45,26,45
j54,28,26,28
j55,9,26,9
j56,92,26,92
j57,80,26,80
j58,66,26,66
j59,85,26,85
j60,43,26,43
j61,37,26,37
j62,9,26,9
j63,1,26,1
j64,73,26,73
j65,33,26,33
j66,74,26,74
j67,69,26,69
j68,41,26,41
j69,100,26,100
j70,41,26,41
j71,66,26,66
j72,29,26,29
j73,88,26,88
j74,47,26,47
j75,17,26,17
j76,77,26,77
j77,47,26,47
j78,97,26,97
j79,74,26,74
j80,52,26,52
j81,23,26,23
j82,24,26,24
j83,56,26,56
j84,40,26,40
j85,33,26,33
j86,2,26,2
j87,77,26,77
j88,59,26,59
j89,80,26,80
j90,47,26,47
j91,36,26,36
j92,39,26,39
j93,35,26,35
j94,58,26,58
j95,44,26,44
j96,57,26,57
j97,83,26,83
j98,96,26,96
j99,41,26,41
j100,57,26,57
j101,50,26,50
j102,18,26,18
j103,21,26,21
j104,14,26,14
j105,39,26,39
j106,23,26,23
j107,82,26,82
j108,54,26,54
j109,67,26,67
j110,30,26,30
j111,80,26,80
j112,60,26,60
j113,60,26,60
j114,83,26,83
j115,20,26,20
j116,66,26,66
j117,40,26,40
j118,3,26,3
j119,60,26,60
j120,55,26,55
j121,49,26,49
j122,32,26,32
j123,83,26,83
j124,81,26,81
j125,25,26,25
j126,98,26,98
j127,78,26,78
j128,54,26,54
j129,95,26,95
j130,16,26,16
j131,38,26,38
j132,18,26,18
j133,27,26,27
j134,71,26,71
j135,95,26,95
j136,17,26,17
j137,38,26,38
j138,16,26,16
j139,92,26,92
j140,81,26,81
j141,15,26,15
j142,17,26,17
j143,19,26,19
j144,71,26,71
j145,25,26,25
j146,84,26,84
j147,92,26,92
j148,51,26,51
j149,2,26,2
j150,28,26,28
j151,25,26,25
j152,40,26,40
j153,97,26,97
j154,95,26,95
j155,74,26,74
j156,94,26,94
j157,58,26,58
j158,81,26,81
j159,35,26,35
j160,37,26,37
j161,82,26,82
j162,88,26,88
j163,13,26,13
j164,13,26,13
j165,20,26,20
j166,83,26,83
j167,62,26,62
j168,41,26,41
j169,59,26,59
j170,47,26,47
j171,25,26,25
j172,60,26,60
j173,1,26,1
j174,57,26,57
j175,32,26,32
j176,58,26,58
j177,99,26,99
j178,53,26,53
j179,15,26,15
j180,92,26,92
j181,84,26,84
j182,53,26,53
j183,83,26,83
j184,35,26,35
j185,17,26,17
j186,100,26,100
j187,97,26,97
j188,89,26,89
j189,8,26,8
j190,5,26,5
j191,61,26,61
j192,99,26,99
j193,89,26,89
j194,44,26,44
j195,57,26,57
j196,99,26,99
j197,49,26,49
j198,23,26,23
j199,77,26,77
j200,23,26,23
j201,48,26,48
j202,23,26,23
j203,32,26,32
j204,73,26,73
j205,45,26,45
j206,37,26,37
j207,72,26,72
j208,31,26,31
j209,47,26,47
j210,24,26,24
j211,91,26,91
j212,67,26,67
j213,5,26,5
j214,42,26,42
j215,33,26,33
j216,47,26,47
j217,69,26,69
j218,56,26,56
j219,72,26,72
j220,26,26,26
j221,95,26,95
j222,42,26,42
j223,90,26,90
j224,9,26,9
j225,53,26,53
j226,65,26,65
j227,55,26,55
j228,14,26,14
j229,99,26,99
j230,41,26,41
j231,38,26,38
j232,38,26,38
j233,28,26,28
j234,32,26,32
j235,92,26,92
j236,81,26,81
j237,39,26,39
j238,88,26,88
j239,29,26,29
j240,62,26,62
j241,55,26,55
j242,16,26,16
j243,9,26,9
j244,42,26,42
j245,70,26,70
j246,86,26,86
j247,49,26,49
j248,84,26,84
j249,41,26,41
j250,77,26,77
j251,51,26,51
j252,3,26,3
j253,15,26,15
j254,86,26,86
j255,52,26,52
j256,26,26,26
j257,31,26,31
j258,1,26,1
j259,43,26,43
j260,17,26,17
j261,82,26,82
j262,99,26,99
j263,73,26,73
j264,2,26,2
j265,77,26,77
j266,31,26,31
j267,49,26,49
j268,30,26,30
j269,42,26,42
j270,80,26,80
j271,55,26,55
j272,10,26,10
j273,97,26,97
j274,87,26,87
j275,66,26,66
j276,96,26,96
j277,95,26,95
j278,76,26,76
j279,96,26,96
j280,45,26,45
j281,31,26,31
j282,29,26,29
j283,58,26,58
j284,68,26,68
j285,47,26,47
j286,59,26,59
j287,72,26,72
j288,82,26,82
j289,16,26,16
j290,17,26,17
j291,50,26,50
j292,45,26,45
j293,70,26,70
j294,98,26,98
j295,47,26,47
j296,27,26,27
j297,63,26,63
j298,66,26,66
j299,49,26,49
j300,38,26,38
j301,81,26,81
j302,92,26,92
j303,20,26,20
j304,17,26,17
j305,40,26,40
j306,80,26,80
j307,13,26,13
j308,88,26,88
j309,69,26,69
j310,8,26,8
j311,61,26,61
j312,79,26,79
j313,73,26,73
j314,3,26,3
j315,28,26,28
j316,19,26,19
j317,89,26,89
j318,8,26,8
j319,47,26,47
j320,25,26,25
j321,88,26,88
j322,52,26,52
j323,36,26,36
j324,42,26,42
j325,9,26,9
j326,25,26,25
j327,59,26,59
j328,27,26,27
j329,61,26,61
j330,12,26,12
j331,66,26,66
j332,52,26,52
j333,2,26,2
j334,1,26,1
j335,69,26,69
j336,10,26,10
j337,68,26,68
j338,96,26,96
j339,21,26,21
j340,4,26,4
j341,70,26,70
j342,25,26,25
j343,6,26,6
j344,8,26,8
j345,6,26,6
j346,53,26,53
j347,52,26,52
j348,11,26,11
j349,74,26,74
j350,7,26,7
j351,17,26,17
j352,15,26,15
j353,41,26,41
j354,9,26,9
j355,99,26,99
j356,17,26,17
j357,23,26,23
j358,74,26,74
j359,29,26,29
j360,20,26,20
j361,88,26,88
j362,82,26,82
j363,69,26,69
j364,17,26,17
j365,91,26,91
j366,63,26,63
j367,96,26,96
j368,80,26,80
j369,12,26,12
j370,32,26,32
j371,54,26,54
j372,12,26,12
j373,7,26,7
j374,27,26,27
j375,10,26,10
j376,24,26,24
j377,35,26,35
j378,83,26,83
j379,37,26,37
j380,90,26,90
j381,72,26,72
j382,78,26,78
j383,49,26,49
j384,80,26,80
j385,36,26,36
j386,53,26,53
j387,58,26,58
j388,19,26,19
j389,79,26,79
j390,86,26,86
j391,66,26,66
j392,49,26,49
j393,41,26,41
j394,75,26,75
j395,29,26,29
j396,37,26,37
j397,63,26,63
j398,56,26,56
j399,47,26,47
j400,82,26,82
j401,76,26,76
j402,47,26,47
j403,47,26,47
j404,98,26,98
j405,7,26,7
j406,39,26,39
j407,29,26,29
j408,66,26,66
j409,65,26,65
j410,77,26,77
j411,2,26,2
j412,10,26,10
j413,6,26,6
j414,22,26,22
j415,45,26,45
j416,73,26,73
j417,9,26,9
j418,79,26,79
j419,27,26,27
j420,40,26,40
j421,33,26,33
j422,56,26,56
j423,19,26,19
j424,97,26,97
j425,36,26,36
j426,50,26,50
j427,73,26,73
j428,93,26,93
j429,16,26,16
j430,71,26,71
j431,49,26,49
j432,10,26,10
j433,65,26,65
j434,28,26,28
j435,1,26,1
j436,89,26,89
j437,81,26,81
j438,42,26,42
j439,75,26,75
j440,62,26,62
j441,1,26,1
j442,2,26,2
j443,32,26,32
j444,54,26,54
j445,82,26,82
j446,57,26,57
j447,56,26,56
j448,64,26,64
j449,15,26,15
j450,80,26,80
j451,40,26,40
j452,80,26,80
j453,50,26,50
j454,51,26,51
j455,97,26,97
j456,85,26,85
j457,10,26,10
j458,24,26,24
j459,73,26,73
j460,70,26,70
j461,97,26,97
j462,66,26,66
j463,33,26,33
j464,79,26,79
j465,33,26,33
j466,83,26,83
j467,82,26,82
j468,12,26,12
j469,30,26,30
j470,12,26,12
j471,44,26,44
j472,26,26,26
j473,44,26,44
j474,22,26,22
j475,49,26,49
j476,43,26,43
j477,62,26,62
j478,83,26,83
j479,43,26,43
j480,57,26,57
j481,100,26,100
j482,4,26,4
j483,56,26,56
j484,49,26,49
j485,22,26,22
j486,22,26,22
j487,19,26,19
j488,37,26,37
j489,1,26,1
j490,97,26,97
j491,24,26,24
j492,91,26,91
j493,81,26,81
j494,88,26,88
j495,38,26,38
j496,57,26,57
j497,62,26,62
j498,21,26,21
j499,52,26,52
j500,95,26,95
