job,m1Time,m2Time,bufferUsage
j1,50,51,1
j2,90,51,1
j3,28,51,1
j4,74,51,1
j5,59,51,1
j6,65,51,1
j7,91,51,1
j8,12,51,1
j9,41,51,1
j10,90,51,1
j11,55,51,1
j12,56,51,1
j13,44,51,1
j14,38,51,1
j15,21,51,1
j16,55,51,1
j17,68,51,1
j18,22,51,1
j19,25,51,1
j20,14,51,1
j21,55,51,1
j22,6,51,1
j23,83,51,1
j24,10,51,1
j25,47,51,1
j26,51,51,1
j27,82,51,1
j28,83,51,1
j29,15,51,1
j30,28,51,1
j31,9,51,1
j32,21,51,1
j33,61,51,1
j34,3,51,1
j35,23,51,1
j36,60,51,1
j37,40,51,1
j38,74,51,1
j39,83,51,1
j40,28,51,1
j41,87,51,1
j42,7,51,1
j43,86,51,1
j44,62,51,1
j45,53,51,1
j46,32,51,1
j47,69,51,1
j48,95,51,1
j49,98,51,1
j50,88,51,1
j51,1,51,1
j52,80,51,1
j53,22,51,1
j54,56,51,1
j55,13,51,1
j56,9,51,1
j57,63,51,1
j58,4,51,1
j59,29,51,1
j60,63,51,1
j61,63,51,1
j62,20,51,1
j63,78,51,1
j64,21,51,1
j65,63,51,1
j66,24,51,1
j67,40,51,1
j68,12,51,1
j69,76,51,1
j70,94,51,1
j71,5,51,1
j72,24,51,1
j73,59,51,1
j74,47,51,1
j75,11,51,1
j76,7,51,1
j77,67,51,1
j78,73,51,1
j79,4,51,1
j80,64,51,1
j81,53,51,1
j82,12,51,1
j83,74,51,1
j84,25,51,1
j85,54,51,1
j86,9,51,1
j87,53,51,1
j88,68,51,1
j89,94,51,1
j90,19,51,1
j91,37,51,1
j92,48,51,1
j93,24,51,1
j94,9,51,1
j95,72,51,1
j96,41,51,1
j97,63,51,1
j98,10,51,1
j99,97,51,1
j100,92,51,1
j101,96,51,1
j102,86,51,1
j103,4,51,1
j104,5,51,1
j105,16,51,1
j106,22,51,1
j107,29,51,1
j108,58,51,1
j109,95,51,1
j110,53,51,1
j111,67,51,1
j112,28,51,1
j113,28,51,1
j114,47,51,1
j115,43,51,1
j116,28,51,1
j117,89,51,1
j118,62,51,1
j119,70,51,1
j120,25,51,1
j121,92,51,1
j122,60,51,1
j123,76,51,1
j124,19,51,1
j125,75,51,1
j126,85,51,1
j127,55,51,1
j128,61,51,1
j129,54,51,1
j130,89,51,1
j131,58,51,1
j132,62,51,1
j133,2,51,1
j134,64,51,1
j135,66,51,1
j136,20,51,1
j137,66,51,1
j138,70,51,1
j139,49,51,1
j140,37,51,1
j141,71,51,1
j142,77,51,1
j143,47,51,1
j144,6,51,1
j145,77,51,1
j146,56,51,1
j147,36,51,1
j148,63,51,1
j149,99,51,1
j150,99,51,1
j151,14,51,1
j152,35,51,1
j153,13,51,1
j154,3,51,1
j155,9,51,1
j156,33,51,1
j157,42,51,1
j158,30,51,1
j159,42,51,1
j160,29,51,1
j161,58,51,1
j162,37,51,1
j163,46,51,1
j164,30,51,1
j165,90,51,1
j166,89,51,1
j167,28,51,1
j168,32,51,1
j169,13,51,1
j170,34,51,1
j171,42,51,1
j172,52,51,1
j173,96,51,1
j174,36,51,1
j175,93,51,1
j176,78,51,1
j177,76,51,1
j178,7,51,1
j179,25,51,1
j180,44,51,1
j181,3,51,1
j182,46,51,1
j183,84,51,1
j184,63,51,1
j185,13,51,1
j186,87,51,1
j187,49,51,1
j188,83,51,1
j189,16,51,1
j190,19,51,1
j191,11,51,1
j192,55,51,1
j193,40,51,1
j194,68,51,1
j195,13,51,1
j196,17,51,1
j197,80,51,1
j198,72,51,1
j199,19,51,1
j200,53,51,1
j201,16,51,1
j202,93,51,1
j203,96,51,1
j204,77,51,1
j205,43,51,1
j206,95,51,1
j207,78,51,1
j208,81,51,1
j209,43,51,1
j210,80,51,1
j211,6,51,1
j212,82,51,1
j213,11,51,1
j214,5,51,1
j215,49,51,1
j216,33,51,1
j217,90,51,1
j218,51,51,1
j219,49,51,1
j220,56,51,1
j221,92,51,1
j222,51,51,1
j223,85,51,1
j224,89,51,1
j225,61,51,1
j226,1,51,1
j227,93,51,1
j228,14,51,1
j229,64,51,1
j230,17,51,1
j231,13,51,1
j232,78,51,1
j233,11,51,1
j234,8,51,1
j235,92,51,1
j236,19,51,1
j237,6,51,1
j238,9,51,1
j239,20,51,1
j240,46,51,1
j241,7,51,1
j242,90,51,1
j243,74,51,1
j244,93,51,1
j245,2,51,1
j246,86,51,1
j247,60,51,1
j248,84,51,1
j249,84,51,1
j250,27,51,1
