job,m1Time,m2Time,bufferUsage
j1,50,74,50
j2,90,74,90
j3,28,74,28
j4,74,74,74
j5,59,74,59
j6,65,74,65
j7,91,74,91
j8,12,74,12
j9,41,74,41
j10,90,74,90
j11,55,74,55
j12,56,74,56
j13,44,74,44
j14,38,74,38
j15,21,74,21
j16,55,74,55
j17,68,74,68
j18,22,74,22
j19,25,74,25
j20,14,74,14
j21,55,74,55
j22,6,74,6
j23,83,74,83
j24,10,74,10
j25,47,74,47
j26,51,74,51
j27,82,74,82
j28,83,74,83
j29,15,74,15
j30,28,74,28
j31,9,74,9
j32,21,74,21
j33,61,74,61
j34,3,74,3
j35,23,74,23
j36,60,74,60
j37,40,74,40
j38,74,74,74
j39,83,74,83
j40,28,74,28
j41,87,74,87
j42,7,74,7
j43,86,74,86
j44,62,74,62
j45,53,74,53
j46,32,74,32
j47,69,74,69
j48,95,74,95
j49,98,74,98
j50,88,74,88
j51,1,74,1
j52,80,74,80
j53,22,74,22
j54,56,74,56
j55,13,74,13
j56,9,74,9
j57,63,74,63
j58,4,74,4
j59,29,74,29
j60,63,74,63
j61,63,74,63
j62,20,74,20
j63,78,74,78
j64,21,74,21
j65,63,74,63
j66,24,74,24
j67,40,74,40
j68,12,74,12
j69,76,74,76
j70,94,74,94
j71,5,74,5
j72,24,74,24
j73,59,74,59
j74,47,74,47
j75,11,74,11
j76,7,74,7
j77,67,74,67
j78,73,74,73
j79,4,74,4
j80,64,74,64
j81,53,74,53
j82,12,74,12
j83,74,74,74
j84,25,74,25
j85,54,74,54
j86,9,74,9
j87,53,74,53
j88,68,74,68
j89,94,74,94
j90,19,74,19
j91,37,74,37
j92,48,74,48
j93,24,74,24
j94,9,74,9
j95,72,74,72
j96,41,74,41
j97,63,74,63
j98,10,74,10
j99,97,74,97
j100,92,74,92
j101,96,74,96
j102,86,74,86
j103,4,74,4
j104,5,74,5
j105,16,74,16
j106,22,74,22
j107,29,74,29
j108,58,74,58
j109,95,74,95
j110,53,74,53
j111,67,74,67
j112,28,74,28
j113,28,74,28
j114,47,74,47
j115,43,74,43
j116,28,74,28
j117,89,74,89
j118,62,74,62
j119,70,74,70
j120,25,74,25
j121,92,74,92
j122,60,74,60
j123,76,74,76
j124,19,74,19
j125,75,74,75
j126,85,74,85
j127,55,74,55
j128,61,74,61
j129,54,74,54
j130,89,74,89
j131,58,74,58
j132,62,74,62
j133,2,74,2
j134,64,74,64
j135,66,74,66
j136,20,74,20
j137,66,74,66
j138,70,74,70
j139,49,74,49
j140,37,74,37
j141,71,74,71
j142,77,74,77
j143,47,74,47
j144,6,74,6
j145,77,74,77
j146,56,74,56
j147,36,74,36
j148,63,74,63
j149,99,74,99
j150,99,74,99
j151,14,74,14
j152,35,74,35
j153,13,74,13
j154,3,74,3
j155,9,74,9
j156,33,74,33
j157,42,74,42
j158,30,74,30
j159,42,74,42
j160,29,74,29
j161,58,74,58
j162,37,74,37
j163,46,74,46
j164,30,74,30
j165,90,74,90
j166,89,74,89
j167,28,74,28
j168,32,74,32
j169,13,74,13
j170,34,74,34
j171,42,74,42
j172,52,74,52
j173,96,74,96
j174,36,74,36
j175,93,74,93
j176,78,74,78
j177,76,74,76
j178,7,74,7
j179,25,74,25
j180,44,74,44
j181,3,74,3
j182,46,74,46
j183,84,74,84
j184,63,74,63
j185,13,74,13
j186,87,74,87
j187,49,74,49
j188,83,74,83
j189,16,74,16
j190,19,74,19
j191,11,74,11
j192,55,74,55
j193,40,74,40
j194,68,74,68
j195,13,74,13
j196,17,74,17
j197,80,74,80
j198,72,74,72
j199,19,74,19
j200,53,74,53
j201,16,74,16
j202,93,74,93
j203,96,74,96
j204,77,74,77
j205,43,74,43
j206,95,74,95
j207,78,74,78
j208,81,74,81
j209,43,74,43
j210,80,74,80
j211,6,74,6
j212,82,74,82
j213,11,74,11
j214,5,74,5
j215,49,74,49
j216,33,74,33
j217,90,74,90
j218,51,74,51
j219,49,74,49
j220,56,74,56
j221,92,74,92
j222,51,74,51
j223,85,74,85
j224,89,74,89
j225,61,74,61
j226,1,74,1
j227,93,74,93
j228,14,74,14
j229,64,74,64
j230,17,74,17
j231,13,74,13
j232,78,74,78
j233,11,74,11
j234,8,74,8
j235,92,74,92
j236,19,74,19
j237,6,74,6
j238,9,74,9
j239,20,74,20
j240,46,74,46
j241,7,74,7
j242,90,74,90
j243,74,74,74
j244,93,74,93
j245,2,74,2
j246,86,74,86
j247,60,74,60
j248,84,74,84
j249,84,74,84
j250,27,74,27
