job,m1Time,m2Time,bufferUsage
j1,16,26,1
j2,5,26,1
j3,54,26,1
j4,36,26,1
j5,75,26,1
j6,26,26,1
j7,62,26,1
j8,57,26,1
j9,4,26,1
j10,74,26,1
j11,94,26,1
j12,8,26,1
j13,43,26,1
j14,15,26,1
j15,98,26,1
j16,26,26,1
j17,58,26,1
j18,8,26,1
j19,26,26,1
j20,39,26,1
j21,9,26,1
j22,43,26,1
j23,85,26,1
j24,62,26,1
j25,87,26,1
j26,16,26,1
j27,65,26,1
j28,7,26,1
j29,19,26,1
j30,67,26,1
j31,14,26,1
j32,70,26,1
j33,79,26,1
j34,62,26,1
j35,4,26,1
j36,30,26,1
j37,92,26,1
j38,32,26,1
j39,69,26,1
j40,24,26,1
j41,74,26,1
j42,54,26,1
j43,17,26,1
j44,74,26,1
j45,41,26,1
j46,45,26,1
j47,66,26,1
j48,19,26,1
j49,35,26,1
j50,88,26,1
j51,100,26,1
j52,86,26,1
j53,45,26,1
j54,28,26,1
j55,9,26,1
j56,92,26,1
j57,80,26,1
j58,66,26,1
j59,85,26,1
j60,43,26,1
j61,37,26,1
j62,9,26,1
j63,1,26,1
j64,73,26,1
j65,33,26,1
j66,74,26,1
j67,69,26,1
j68,41,26,1
j69,100,26,1
j70,41,26,1
j71,66,26,1
j72,29,26,1
j73,88,26,1
j74,47,26,1
j75,17,26,1
j76,77,26,1
j77,47,26,1
j78,97,26,1
j79,74,26,1
j80,52,26,1
j81,23,26,1
j82,24,26,1
j83,56,26,1
j84,40,26,1
j85,33,26,1
j86,2,26,1
j87,77,26,1
j88,59,26,1
j89,80,26,1
j90,47,26,1
j91,36,26,1
j92,39,26,1
j93,35,26,1
j94,58,26,1
j95,44,26,1
j96,57,26,1
j97,83,26,1
j98,96,26,1
j99,41,26,1
j100,57,26,1
j101,50,26,1
j102,18,26,1
j103,21,26,1
j104,14,26,1
j105,39,26,1
j106,23,26,1
j107,82,26,1
j108,54,26,1
j109,67,26,1
j110,30,26,1
j111,80,26,1
j112,60,26,1
j113,60,26,1
j114,83,26,1
j115,20,26,1
j116,66,26,1
j117,40,26,1
j118,3,26,1
j119,60,26,1
j120,55,26,1
j121,49,26,1
j122,32,26,1
j123,83,26,1
j124,81,26,1
j125,25,26,1
j126,98,26,1
j127,78,26,1
j128,54,26,1
j129,95,26,1
j130,16,26,1
j131,38,26,1
j132,18,26,1
j133,27,26,1
j134,71,26,1
j135,95,26,1
j136,17,26,1
j137,38,26,1
j138,16,26,1
j139,92,26,1
j140,81,26,1
j141,15,26,1
j142,17,26,1
j143,19,26,1
j144,71,26,1
j145,25,26,1
j146,84,26,1
j147,92,26,1
j148,51,26,1
j149,2,26,1
j150,28,26,1
j151,25,26,1
j152,40,26,1
j153,97,26,1
j154,95,26,1
j155,74,26,1
j156,94,26,1
j157,58,26,1
j158,81,26,1
j159,35,26,1
j160,37,26,1
j161,82,26,1
j162,88,26,1
j163,13,26,1
j164,13,26,1
j165,20,26,1
j166,83,26,1
j167,62,26,1
j168,41,26,1
j169,59,26,1
j170,47,26,1
j171,25,26,1
j172,60,26,1
j173,1,26,1
j174,57,26,1
j175,32,26,1
j176,58,26,1
j177,99,26,1
j178,53,26,1
j179,15,26,1
j180,92,26,1
j181,84,26,1
j182,53,26,1
j183,83,26,1
j184,35,26,1
j185,17,26,1
j186,100,26,1
j187,97,26,1
j188,89,26,1
j189,8,26,1
j190,5,26,1
j191,61,26,1
j192,99,26,1
j193,89,26,1
j194,44,26,1
j195,57,26,1
j196,99,26,1
j197,49,26,1
j198,23,26,1
j199,77,26,1
j200,23,26,1
j201,48,26,1
j202,23,26,1
j203,32,26,1
j204,73,26,1
j205,45,26,1
j206,37,26,1
j207,72,26,1
j208,31,26,1
j209,47,26,1
j210,24,26,1
j211,91,26,1
j212,67,26,1
j213,5,26,1
j214,42,26,1
j215,33,26,1
j216,47,26,1
j217,69,26,1
j218,56,26,1
j219,72,26,1
j220,26,26,1
j221,95,26,1
j222,42,26,1
j223,90,26,1
j224,9,26,1
j225,53,26,1
j226,65,26,1
j227,55,26,1
j228,14,26,1
j229,99,26,1
j230,41,26,1
j231,38,26,1
j232,38,26,1
j233,28,26,1
j234,32,26,1
j235,92,26,1
j236,81,26,1
j237,39,26,1
j238,88,26,1
j239,29,26,1
j240,62,26,1
j241,55,26,1
j242,16,26,1
j243,9,26,1
j244,42,26,1
j245,70,26,1
j246,86,26,1
j247,49,26,1
j248,84,26,1
j249,41,26,1
j250,77,26,1
j251,51,26,1
j252,3,26,1
j253,15,26,1
j254,86,26,1
j255,52,26,1
j256,26,26,1
j257,31,26,1
j258,1,26,1
j259,43,26,1
j260,17,26,1
j261,82,26,1
j262,99,26,1
j263,73,26,1
j264,2,26,1
j265,77,26,1
j266,31,26,1
j267,49,26,1
j268,30,26,1
j269,42,26,1
j270,80,26,1
j271,55,26,1
j272,10,26,1
j273,97,26,1
j274,87,26,1
j275,66,26,1
j276,96,26,1
j277,95,26,1
j278,76,26,1
j279,96,26,1
j280,45,26,1
j281,31,26,1
j282,29,26,1
j283,58,26,1
j284,68,26,1
j285,47,26,1
j286,59,26,1
j287,72,26,1
j288,82,26,1
j289,16,26,1
j290,17,26,1
j291,50,26,1
j292,45,26,1
j293,70,26,1
j294,98,26,1
j295,47,26,1
j296,27,26,1
j297,63,26,1
j298,66,26,1
j299,49,26,1
j300,38,26,1
j301,81,26,1
j302,92,26,1
j303,20,26,1
j304,17,26,1
j305,40,26,1
j306,80,26,1
j307,13,26,1
j308,88,26,1
j309,69,26,1
j310,8,26,1
j311,61,26,1
j312,79,26,1
j313,73,26,1
j314,3,26,1
j315,28,26,1
j316,19,26,1
j317,89,26,1
j318,8,26,1
j319,47,26,1
j320,25,26,1
j321,88,26,1
j322,52,26,1
j323,36,26,1
j324,42,26,1
j325,9,26,1
j326,25,26,1
j327,59,26,1
j328,27,26,1
j329,61,26,1
j330,12,26,1
j331,66,26,1
j332,52,26,1
j333,2,26,1
j334,1,26,1
j335,69,26,1
j336,10,26,1
j337,68,26,1
j338,96,26,1
j339,21,26,1
j340,4,26,1
j341,70,26,1
j342,25,26,1
j343,6,26,1
j344,8,26,1
j345,6,26,1
j346,53,26,1
j347,52,26,1
j348,11,26,1
j349,74,26,1
j350,7,26,1
j351,17,26,1
j352,15,26,1
j353,41,26,1
j354,9,26,1
j355,99,26,1
j356,17,26,1
j357,23,26,1
j358,74,26,1
j359,29,26,1
j360,20,26,1
j361,88,26,1
j362,82,26,1
j363,69,26,1
j364,17,26,1
j365,91,26,1
j366,63,26,1
j367,96,26,1
j368,80,26,1
j369,12,26,1
j370,32,26,1
j371,54,26,1
j372,12,26,1
j373,7,26,1
j374,27,26,1
j375,10,26,1
j376,24,26,1
j377,35,26,1
j378,83,26,1
j379,37,26,1
j380,90,26,1
j381,72,26,1
j382,78,26,1
j383,49,26,1
j384,80,26,1
j385,36,26,1
j386,53,26,1
j387,58,26,1
j388,19,26,1
j389,79,26,1
j390,86,26,1
j391,66,26,1
j392,49,26,1
j393,41,26,1
j394,75,26,1
j395,29,26,1
j396,37,26,1
j397,63,26,1
j398,56,26,1
j399,47,26,1
j400,82,26,1
j401,76,26,1
j402,47,26,1
j403,47,26,1
j404,98,26,1
j405,7,26,1
j406,39,26,1
j407,29,26,1
j408,66,26,1
j409,65,26,1
j410,77,26,1
j411,2,26,1
j412,10,26,1
j413,6,26,1
j414,22,26,1
j415,45,26,1
j416,73,26,1
j417,9,26,1
j418,79,26,1
j419,27,26,1
j420,40,26,1
j421,33,26,1
j422,56,26,1
j423,19,26,1
j424,97,26,1
j425,36,26,1
j426,50,26,1
j427,73,26,1
j428,93,26,1
j429,16,26,1
j430,71,26,1
j431,49,26,1
j432,10,26,1
j433,65,26,1
j434,28,26,1
j435,1,26,1
j436,89,26,1
j437,81,26,1
j438,42,26,1
j439,75,26,1
j440,62,26,1
j441,1,26,1
j442,2,26,1
j443,32,26,1
j444,54,26,1
j445,82,26,1
j446,57,26,1
j447,56,26,1
j448,64,26,1
j449,15,26,1
j450,80,26,1
j451,40,26,1
j452,80,26,1
j453,50,26,1
j454,51,26,1
j455,97,26,1
j456,85,26,1
j457,10,26,1
j458,24,26,1
j459,73,26,1
j460,70,26,1
j461,97,26,1
j462,66,26,1
j463,33,26,1
j464,79,26,1
j465,33,26,1
j466,83,26,1
j467,82,26,1
j468,12,26,1
j469,30,26,1
j470,12,26,1
j471,44,26,1
j472,26,26,1
j473,44,26,1
j474,22,26,1
j475,49,26,1
j476,43,26,1
j477,62,26,1
j478,83,26,1
j479,43,26,1
j480,57,26,1
j481,100,26,1
j482,4,26,1
j483,56,26,1
j484,49,26,1
j485,22,26,1
j486,22,26,1
j487,19,26,1
j488,37,26,1
j489,1,26,1
j490,97,26,1
j491,24,26,1
j492,91,26,1
j493,81,26,1
j494,88,26,1
j495,38,26,1
j496,57,26,1
j497,62,26,1
j498,21,26,1
j499,52,26,1
j500,95,26,1
