job,m1Time,m2Time,bufferUsage
j1,16,49,16
j2,5,49,5
j3,54,49,54
j4,36,49,36
j5,75,49,75
j6,26,49,26
j7,62,49,62
j8,57,49,57
j9,4,49,4
j10,74,49,74
j11,94,49,94
j12,8,49,8
j13,43,49,43
j14,15,49,15
j15,98,49,98
j16,26,49,26
j17,58,49,58
j18,8,49,8
j19,26,49,26
j20,39,49,39
j21,9,49,9
j22,43,49,43
j23,85,49,85
j24,62,49,62
j25,87,49,87
j26,16,49,16
j27,65,49,65
j28,7,49,7
j29,19,49,19
j30,67,49,67
j31,14,49,14
j32,70,49,70
j33,79,49,79
j34,62,49,62
j35,4,49,4
j36,30,49,30
j37,92,49,92
j38,32,49,32
j39,69,49,69
j40,24,49,24
j41,74,49,74
j42,54,49,54
j43,17,49,17
j44,74,49,74
j45,41,49,41
j46,45,49,45
j47,66,49,66
j48,19,49,19
j49,35,49,35
j50,88,49,88
j51,100,49,100
j52,86,49,86
j53,45,49,45
j54,28,49,28
j55,9,49,9
j56,92,49,92
j57,80,49,80
j58,66,49,66
j59,85,49,85
j60,43,49,43
j61,37,49,37
j62,9,49,9
j63,1,49,1
j64,73,49,73
j65,33,49,33
j66,74,49,74
j67,69,49,69
j68,41,49,41
j69,100,49,100
j70,41,49,41
j71,66,49,66
j72,29,49,29
j73,88,49,88
j74,47,49,47
j75,17,49,17
j76,77,49,77
j77,47,49,47
j78,97,49,97
j79,74,49,74
j80,52,49,52
j81,23,49,23
j82,24,49,24
j83,56,49,56
j84,40,49,40
j85,33,49,33
j86,2,49,2
j87,77,49,77
j88,59,49,59
j89,80,49,80
j90,47,49,47
j91,36,49,36
j92,39,49,39
j93,35,49,35
j94,58,49,58
j95,44,49,44
j96,57,49,57
j97,83,49,83
j98,96,49,96
j99,41,49,41
j100,57,49,57
j101,50,49,50
j102,18,49,18
j103,21,49,21
j104,14,49,14
j105,39,49,39
j106,23,49,23
j107,82,49,82
j108,54,49,54
j109,67,49,67
j110,30,49,30
j111,80,49,80
j112,60,49,60
j113,60,49,60
j114,83,49,83
j115,20,49,20
j116,66,49,66
j117,40,49,40
j118,3,49,3
j119,60,49,60
j120,55,49,55
j121,49,49,49
j122,32,49,32
j123,83,49,83
j124,81,49,81
j125,25,49,25
j126,98,49,98
j127,78,49,78
j128,54,49,54
j129,95,49,95
j130,16,49,16
j131,38,49,38
j132,18,49,18
j133,27,49,27
j134,71,49,71
j135,95,49,95
j136,17,49,17
j137,38,49,38
j138,16,49,16
j139,92,49,92
j140,81,49,81
j141,15,49,15
j142,17,49,17
j143,19,49,19
j144,71,49,71
j145,25,49,25
j146,84,49,84
j147,92,49,92
j148,51,49,51
j149,2,49,2
j150,28,49,28
j151,25,49,25
j152,40,49,40
j153,97,49,97
j154,95,49,95
j155,74,49,74
j156,94,49,94
j157,58,49,58
j158,81,49,81
j159,35,49,35
j160,37,49,37
j161,82,49,82
j162,88,49,88
j163,13,49,13
j164,13,49,13
j165,20,49,20
j166,83,49,83
j167,62,49,62
j168,41,49,41
j169,59,49,59
j170,47,49,47
j171,25,49,25
j172,60,49,60
j173,1,49,1
j174,57,49,57
j175,32,49,32
j176,58,49,58
j177,99,49,99
j178,53,49,53
j179,15,49,15
j180,92,49,92
j181,84,49,84
j182,53,49,53
j183,83,49,83
j184,35,49,35
j185,17,49,17
j186,100,49,100
j187,97,49,97
j188,89,49,89
j189,8,49,8
j190,5,49,5
j191,61,49,61
j192,99,49,99
j193,89,49,89
j194,44,49,44
j195,57,49,57
j196,99,49,99
j197,49,49,49
j198,23,49,23
j199,77,49,77
j200,23,49,23
j201,48,49,48
j202,23,49,23
j203,32,49,32
j204,73,49,73
j205,45,49,45
j206,37,49,37
j207,72,49,72
j208,31,49,31
j209,47,49,47
j210,24,49,24
j211,91,49,91
j212,67,49,67
j213,5,49,5
j214,42,49,42
j215,33,49,33
j216,47,49,47
j217,69,49,69
j218,56,49,56
j219,72,49,72
j220,26,49,26
j221,95,49,95
j222,42,49,42
j223,90,49,90
j224,9,49,9
j225,53,49,53
j226,65,49,65
j227,55,49,55
j228,14,49,14
j229,99,49,99
j230,41,49,41
j231,38,49,38
j232,38,49,38
j233,28,49,28
j234,32,49,32
j235,92,49,92
j236,81,49,81
j237,39,49,39
j238,88,49,88
j239,29,49,29
j240,62,49,62
j241,55,49,55
j242,16,49,16
j243,9,49,9
j244,42,49,42
j245,70,49,70
j246,86,49,86
j247,49,49,49
j248,84,49,84
j249,41,49,41
j250,77,49,77
j251,51,49,51
j252,3,49,3
j253,15,49,15
j254,86,49,86
j255,52,49,52
j256,26,49,26
j257,31,49,31
j258,1,49,1
j259,43,49,43
j260,17,49,17
j261,82,49,82
j262,99,49,99
j263,73,49,73
j264,2,49,2
j265,77,49,77
j266,31,49,31
j267,49,49,49
j268,30,49,30
j269,42,49,42
j270,80,49,80
j271,55,49,55
j272,10,49,10
j273,97,49,97
j274,87,49,87
j275,66,49,66
j276,96,49,96
j277,95,49,95
j278,76,49,76
j279,96,49,96
j280,45,49,45
j281,31,49,31
j282,29,49,29
j283,58,49,58
j284,68,49,68
j285,47,49,47
j286,59,49,59
j287,72,49,72
j288,82,49,82
j289,16,49,16
j290,17,49,17
j291,50,49,50
j292,45,49,45
j293,70,49,70
j294,98,49,98
j295,47,49,47
j296,27,49,27
j297,63,49,63
j298,66,49,66
j299,49,49,49
j300,38,49,38
j301,81,49,81
j302,92,49,92
j303,20,49,20
j304,17,49,17
j305,40,49,40
j306,80,49,80
j307,13,49,13
j308,88,49,88
j309,69,49,69
j310,8,49,8
j311,61,49,61
j312,79,49,79
j313,73,49,73
j314,3,49,3
j315,28,49,28
j316,19,49,19
j317,89,49,89
j318,8,49,8
j319,47,49,47
j320,25,49,25
j321,88,49,88
j322,52,49,52
j323,36,49,36
j324,42,49,42
j325,9,49,9
j326,25,49,25
j327,59,49,59
j328,27,49,27
j329,61,49,61
j330,12,49,12
j331,66,49,66
j332,52,49,52
j333,2,49,2
j334,1,49,1
j335,69,49,69
j336,10,49,10
j337,68,49,68
j338,96,49,96
j339,21,49,21
j340,4,49,4
j341,70,49,70
j342,25,49,25
j343,6,49,6
j344,8,49,8
j345,6,49,6
j346,53,49,53
j347,52,49,52
j348,11,49,11
j349,74,49,74
j350,7,49,7
j351,17,49,17
j352,15,49,15
j353,41,49,41
j354,9,49,9
j355,99,49,99
j356,17,49,17
j357,23,49,23
j358,74,49,74
j359,29,49,29
j360,20,49,20
j361,88,49,88
j362,82,49,82
j363,69,49,69
j364,17,49,17
j365,91,49,91
j366,63,49,63
j367,96,49,96
j368,80,49,80
j369,12,49,12
j370,32,49,32
j371,54,49,54
j372,12,49,12
j373,7,49,7
j374,27,49,27
j375,10,49,10
j376,24,49,24
j377,35,49,35
j378,83,49,83
j379,37,49,37
j380,90,49,90
j381,72,49,72
j382,78,49,78
j383,49,49,49
j384,80,49,80
j385,36,49,36
j386,53,49,53
j387,58,49,58
j388,19,49,19
j389,79,49,79
j390,86,49,86
j391,66,49,66
j392,49,49,49
j393,41,49,41
j394,75,49,75
j395,29,49,29
j396,37,49,37
j397,63,49,63
j398,56,49,56
j399,47,49,47
j400,82,49,82
j401,76,49,76
j402,47,49,47
j403,47,49,47
j404,98,49,98
j405,7,49,7
j406,39,49,39
j407,29,49,29
j408,66,49,66
j409,65,49,65
j410,77,49,77
j411,2,49,2
j412,10,49,10
j413,6,49,6
j414,22,49,22
j415,45,49,45
j416,73,49,73
j417,9,49,9
j418,79,49,79
j419,27,49,27
j420,40,49,40
j421,33,49,33
j422,56,49,56
j423,19,49,19
j424,97,49,97
j425,36,49,36
j426,50,49,50
j427,73,49,73
j428,93,49,93
j429,16,49,16
j430,71,49,71
j431,49,49,49
j432,10,49,10
j433,65,49,65
j434,28,49,28
j435,1,49,1
j436,89,49,89
j437,81,49,81
j438,42,49,42
j439,75,49,75
j440,62,49,62
j441,1,49,1
j442,2,49,2
j443,32,49,32
j444,54,49,54
j445,82,49,82
j446,57,49,57
j447,56,49,56
j448,64,49,64
j449,15,49,15
j450,80,49,80
j451,40,49,40
j452,80,49,80
j453,50,49,50
j454,51,49,51
j455,97,49,97
j456,85,49,85
j457,10,49,10
j458,24,49,24
j459,73,49,73
j460,70,49,70
j461,97,49,97
j462,66,49,66
j463,33,49,33
j464,79,49,79
j465,33,49,33
j466,83,49,83
j467,82,49,82
j468,12,49,12
j469,30,49,30
j470,12,49,12
j471,44,49,44
j472,26,49,26
j473,44,49,44
j474,22,49,22
j475,49,49,49
j476,43,49,43
j477,62,49,62
j478,83,49,83
j479,43,49,43
j480,57,49,57
j481,100,49,100
j482,4,49,4
j483,56,49,56
j484,49,49,49
j485,22,49,22
j486,22,49,22
j487,19,49,19
j488,37,49,37
j489,1,49,1
j490,97,49,97
j491,24,49,24
j492,91,49,91
j493,81,49,81
j494,88,49,88
j495,38,49,38
j496,57,49,57
j497,62,49,62
j498,21,49,21
j499,52,49,52
j500,95,49,95
