job,m1Time,m2Time,bufferUsage
j1,50,51,50
j2,90,51,90
j3,28,51,28
j4,74,51,74
j5,59,51,59
j6,65,51,65
j7,91,51,91
j8,12,51,12
j9,41,51,41
j10,90,51,90
j11,55,51,55
j12,56,51,56
j13,44,51,44
j14,38,51,38
j15,21,51,21
j16,55,51,55
j17,68,51,68
j18,22,51,22
j19,25,51,25
j20,14,51,14
j21,55,51,55
j22,6,51,6
j23,83,51,83
j24,10,51,10
j25,47,51,47
j26,51,51,51
j27,82,51,82
j28,83,51,83
j29,15,51,15
j30,28,51,28
j31,9,51,9
j32,21,51,21
j33,61,51,61
j34,3,51,3
j35,23,51,23
j36,60,51,60
j37,40,51,40
j38,74,51,74
j39,83,51,83
j40,28,51,28
j41,87,51,87
j42,7,51,7
j43,86,51,86
j44,62,51,62
j45,53,51,53
j46,32,51,32
j47,69,51,69
j48,95,51,95
j49,98,51,98
j50,88,51,88
j51,1,51,1
j52,80,51,80
j53,22,51,22
j54,56,51,56
j55,13,51,13
j56,9,51,9
j57,63,51,63
j58,4,51,4
j59,29,51,29
j60,63,51,63
j61,63,51,63
j62,20,51,20
j63,78,51,78
j64,21,51,21
j65,63,51,63
j66,24,51,24
j67,40,51,40
j68,12,51,12
j69,76,51,76
j70,94,51,94
j71,5,51,5
j72,24,51,24
j73,59,51,59
j74,47,51,47
j75,11,51,11
j76,7,51,7
j77,67,51,67
j78,73,51,73
j79,4,51,4
j80,64,51,64
j81,53,51,53
j82,12,51,12
j83,74,51,74
j84,25,51,25
j85,54,51,54
j86,9,51,9
j87,53,51,53
j88,68,51,68
j89,94,51,94
j90,19,51,19
j91,37,51,37
j92,48,51,48
j93,24,51,24
j94,9,51,9
j95,72,51,72
j96,41,51,41
j97,63,51,63
j98,10,51,10
j99,97,51,97
j100,92,51,92
j101,96,51,96
j102,86,51,86
j103,4,51,4
j104,5,51,5
j105,16,51,16
j106,22,51,22
j107,29,51,29
j108,58,51,58
j109,95,51,95
j110,53,51,53
j111,67,51,67
j112,28,51,28
j113,28,51,28
j114,47,51,47
j115,43,51,43
j116,28,51,28
j117,89,51,89
j118,62,51,62
j119,70,51,70
j120,25,51,25
j121,92,51,92
j122,60,51,60
j123,76,51,76
j124,19,51,19
j125,75,51,75
j126,85,51,85
j127,55,51,55
j128,61,51,61
j129,54,51,54
j130,89,51,89
j131,58,51,58
j132,62,51,62
j133,2,51,2
j134,64,51,64
j135,66,51,66
j136,20,51,20
j137,66,51,66
j138,70,51,70
j139,49,51,49
j140,37,51,37
j141,71,51,71
j142,77,51,77
j143,47,51,47
j144,6,51,6
j145,77,51,77
j146,56,51,56
j147,36,51,36
j148,63,51,63
j149,99,51,99
j150,99,51,99
j151,14,51,14
j152,35,51,35
j153,13,51,13
j154,3,51,3
j155,9,51,9
j156,33,51,33
j157,42,51,42
j158,30,51,30
j159,42,51,42
j160,29,51,29
j161,58,51,58
j162,37,51,37
j163,46,51,46
j164,30,51,30
j165,90,51,90
j166,89,51,89
j167,28,51,28
j168,32,51,32
j169,13,51,13
j170,34,51,34
j171,42,51,42
j172,52,51,52
j173,96,51,96
j174,36,51,36
j175,93,51,93
j176,78,51,78
j177,76,51,76
j178,7,51,7
j179,25,51,25
j180,44,51,44
j181,3,51,3
j182,46,51,46
j183,84,51,84
j184,63,51,63
j185,13,51,13
j186,87,51,87
j187,49,51,49
j188,83,51,83
j189,16,51,16
j190,19,51,19
j191,11,51,11
j192,55,51,55
j193,40,51,40
j194,68,51,68
j195,13,51,13
j196,17,51,17
j197,80,51,80
j198,72,51,72
j199,19,51,19
j200,53,51,53
j201,16,51,16
j202,93,51,93
j203,96,51,96
j204,77,51,77
j205,43,51,43
j206,95,51,95
j207,78,51,78
j208,81,51,81
j209,43,51,43
j210,80,51,80
j211,6,51,6
j212,82,51,82
j213,11,51,11
j214,5,51,5
j215,49,51,49
j216,33,51,33
j217,90,51,90
j218,51,51,51
j219,49,51,49
j220,56,51,56
j221,92,51,92
j222,51,51,51
j223,85,51,85
j224,89,51,89
j225,61,51,61
j226,1,51,1
j227,93,51,93
j228,14,51,14
j229,64,51,64
j230,17,51,17
j231,13,51,13
j232,78,51,78
j233,11,51,11
j234,8,51,8
j235,92,51,92
j236,19,51,19
j237,6,51,6
j238,9,51,9
j239,20,51,20
j240,46,51,46
j241,7,51,7
j242,90,51,90
j243,74,51,74
j244,93,51,93
j245,2,51,2
j246,86,51,86
j247,60,51,60
j248,84,51,84
j249,84,51,84
j250,27,51,27
