job,m1Time,m2Time,bufferUsage
j1,50,50,1
j2,66,50,1
j3,36,50,1
j4,50,50,1
j5,41,50,1
j6,51,50,1
j7,49,50,1
j8,55,50,1
j9,61,50,1
j10,52,50,1
j11,29,50,1
j12,41,50,1
j13,50,50,1
j14,41,50,1
j15,32,50,1
j16,57,50,1
j17,38,50,1
j18,45,50,1
j19,50,50,1
j20,46,50,1
j21,45,50,1
j22,35,50,1
j23,66,50,1
j24,45,50,1
j25,40,50,1
j26,46,50,1
j27,45,50,1
j28,45,50,1
j29,63,50,1
j30,50,50,1
j31,72,50,1
j32,50,50,1
j33,58,50,1
j34,47,50,1
j35,39,50,1
j36,46,50,1
j37,50,50,1
j38,64,50,1
j39,44,50,1
j40,45,50,1
j41,61,50,1
j42,44,50,1
j43,53,50,1
j44,45,50,1
j45,42,50,1
j46,63,50,1
j47,52,50,1
j48,59,50,1
j49,59,50,1
j50,52,50,1
j51,50,50,1
j52,55,50,1
j53,52,50,1
j54,48,50,1
j55,43,50,1
j56,53,50,1
j57,63,50,1
j58,37,50,1
j59,59,50,1
j60,50,50,1
j61,48,50,1
j62,48,50,1
j63,40,50,1
j64,42,50,1
j65,43,50,1
j66,56,50,1
j67,36,50,1
j68,42,50,1
j69,40,50,1
j70,36,50,1
j71,43,50,1
j72,34,50,1
j73,52,50,1
j74,61,50,1
j75,43,50,1
j76,60,50,1
j77,54,50,1
j78,52,50,1
j79,45,50,1
j80,45,50,1
j81,57,50,1
j82,37,50,1
j83,63,50,1
j84,49,50,1
j85,61,50,1
j86,63,50,1
j87,56,50,1
j88,47,50,1
j89,50,50,1
j90,58,50,1
j91,50,50,1
j92,35,50,1
j93,39,50,1
j94,62,50,1
j95,54,50,1
j96,53,50,1
j97,45,50,1
j98,55,50,1
j99,42,50,1
j100,52,50,1
