job,m1Time,m2Time,bufferUsage
j1,19,25,19
j2,21,25,21
j3,30,25,30
j4,2,25,2
j5,21,25,21
j6,39,25,39
j7,26,25,26
j8,23,25,23
j9,12,25,12
j10,29,25,29
j11,31,25,31
j12,32,25,32
j13,16,25,16
j14,8,25,8
j15,13,25,13
j16,19,25,19
j17,10,25,10
j18,37,25,37
j19,17,25,17
j20,14,25,14
j21,38,25,38
j22,30,25,30
j23,19,25,19
j24,25,25,25
j25,27,25,27
j26,29,25,29
j27,16,25,16
j28,20,25,20
j29,23,25,23
j30,28,25,28
j31,13,25,13
j32,16,25,16
j33,30,25,30
j34,26,25,26
j35,22,25,22
j36,37,25,37
j37,12,25,12
j38,42,25,42
j39,30,25,30
j40,46,25,46
j41,25,25,25
j42,34,25,34
j43,15,25,15
j44,33,25,33
j45,40,25,40
j46,18,25,18
j47,29,25,29
j48,31,25,31
j49,7,25,7
j50,11,25,11
j51,26,25,26
j52,22,25,22
j53,29,25,29
j54,23,25,23
j55,22,25,22
j56,52,25,52
j57,30,25,30
j58,44,25,44
j59,14,25,14
j60,27,25,27
j61,32,25,32
j62,20,25,20
j63,6,25,6
j64,1,25,1
j65,26,25,26
j66,33,25,33
j67,12,25,12
j68,38,25,38
j69,23,25,23
j70,40,25,40
j71,15,25,15
j72,45,25,45
j73,15,25,15
j74,16,25,16
j75,24,25,24
j76,33,25,33
j77,29,25,29
j78,8,25,8
j79,24,25,24
j80,21,25,21
j81,38,25,38
j82,18,25,18
j83,28,25,28
j84,40,25,40
j85,37,25,37
j86,25,25,25
j87,53,25,53
j88,20,25,20
j89,21,25,21
j90,39,25,39
j91,24,25,24
j92,38,25,38
j93,37,25,37
j94,23,25,23
j95,32,25,32
j96,17,25,17
j97,26,25,26
j98,22,25,22
j99,44,25,44
j100,31,25,31
