job,m1Time,m2Time,bufferUsage
j1,48,50,1
j2,48,50,1
j3,58,50,1
j4,27,50,1
j5,59,50,1
j6,61,50,1
j7,59,50,1
j8,44,50,1
j9,42,50,1
j10,79,50,1
j11,78,50,1
j12,56,50,1
j13,58,50,1
j14,63,50,1
j15,49,50,1
j16,48,50,1
j17,49,50,1
j18,50,50,1
j19,54,50,1
j20,55,50,1
j21,45,50,1
j22,60,50,1
j23,69,50,1
j24,48,50,1
j25,56,50,1
j26,40,50,1
j27,44,50,1
j28,46,50,1
j29,53,50,1
j30,63,50,1
j31,58,50,1
j32,40,50,1
j33,53,50,1
j34,52,50,1
j35,46,50,1
j36,30,50,1
j37,53,50,1
j38,46,50,1
j39,55,50,1
j40,36,50,1
j41,55,50,1
j42,40,50,1
j43,31,50,1
j44,37,50,1
j45,38,50,1
j46,64,50,1
j47,48,50,1
j48,51,50,1
j49,36,50,1
j50,43,50,1
j51,67,50,1
j52,58,50,1
j53,37,50,1
j54,29,50,1
j55,46,50,1
j56,53,50,1
j57,48,50,1
j58,39,50,1
j59,34,50,1
j60,40,50,1
j61,41,50,1
j62,43,50,1
j63,40,50,1
j64,54,50,1
j65,47,50,1
j66,43,50,1
j67,41,50,1
j68,41,50,1
j69,49,50,1
j70,47,50,1
j71,44,50,1
j72,49,50,1
j73,40,50,1
j74,55,50,1
j75,37,50,1
j76,53,50,1
j77,42,50,1
j78,63,50,1
j79,52,50,1
j80,69,50,1
j81,61,50,1
j82,54,50,1
j83,52,50,1
j84,38,50,1
j85,55,50,1
j86,59,50,1
j87,44,50,1
j88,46,50,1
j89,53,50,1
j90,57,50,1
j91,71,50,1
j92,42,50,1
j93,57,50,1
j94,45,50,1
j95,28,50,1
j96,59,50,1
j97,57,50,1
j98,41,50,1
j99,47,50,1
j100,42,50,1
