job,m1Time,m2Time,bufferUsage
j1,11,25,11
j2,16,25,16
j3,28,25,28
j4,26,25,26
j5,24,25,24
j6,35,25,35
j7,21,25,21
j8,29,25,29
j9,34,25,34
j10,28,25,28
j11,20,25,20
j12,22,25,22
j13,26,25,26
j14,36,25,36
j15,30,25,30
j16,29,25,29
j17,22,25,22
j18,33,25,33
j19,17,25,17
j20,22,25,22
j21,20,25,20
j22,32,25,32
j23,24,25,24
j24,30,25,30
j25,36,25,36
j26,44,25,44
j27,32,25,32
j28,13,25,13
j29,29,25,29
j30,21,25,21
j31,39,25,39
j32,28,25,28
j33,33,25,33
j34,37,25,37
j35,24,25,24
j36,1,25,1
j37,39,25,39
j38,12,25,12
j39,30,25,30
j40,44,25,44
j41,36,25,36
j42,28,25,28
j43,42,25,42
j44,15,25,15
j45,27,25,27
j46,35,25,35
j47,32,25,32
j48,28,25,28
j49,19,25,19
j50,26,25,26
j51,32,25,32
j52,19,25,19
j53,19,25,19
j54,26,25,26
j55,26,25,26
j56,33,25,33
j57,29,25,29
j58,17,25,17
j59,32,25,32
j60,21,25,21
j61,18,25,18
j62,18,25,18
j63,30,25,30
j64,55,25,55
j65,11,25,11
j66,27,25,27
j67,29,25,29
j68,30,25,30
j69,32,25,32
j70,1,25,1
j71,30,25,30
j72,23,25,23
j73,26,25,26
j74,11,25,11
j75,16,25,16
j76,36,25,36
j77,19,25,19
j78,44,25,44
j79,32,25,32
j80,29,25,29
j81,50,25,50
j82,35,25,35
j83,29,25,29
j84,26,25,26
j85,32,25,32
j86,39,25,39
j87,31,25,31
j88,20,25,20
j89,16,25,16
j90,18,25,18
j91,25,25,25
j92,22,25,22
j93,7,25,7
j94,40,25,40
j95,30,25,30
j96,23,25,23
j97,9,25,9
j98,25,25,25
j99,14,25,14
j100,22,25,22
