job,m1Time,m2Time,bufferUsage
j1,41,25,1
j2,29,25,1
j3,24,25,1
j4,39,25,1
j5,20,25,1
j6,17,25,1
j7,31,25,1
j8,35,25,1
j9,23,25,1
j10,32,25,1
j11,19,25,1
j12,15,25,1
j13,14,25,1
j14,36,25,1
j15,36,25,1
j16,26,25,1
j17,25,25,1
j18,22,25,1
j19,26,25,1
j20,48,25,1
j21,28,25,1
j22,26,25,1
j23,39,25,1
j24,31,25,1
j25,30,25,1
j26,30,25,1
j27,13,25,1
j28,26,25,1
j29,27,25,1
j30,31,25,1
j31,26,25,1
j32,19,25,1
j33,22,25,1
j34,23,25,1
j35,31,25,1
j36,10,25,1
j37,24,25,1
j38,40,25,1
j39,13,25,1
j40,27,25,1
j41,30,25,1
j42,16,25,1
j43,17,25,1
j44,19,25,1
j45,38,25,1
j46,1,25,1
j47,44,25,1
j48,29,25,1
j49,27,25,1
j50,38,25,1
