job,m1Time,m2Time,bufferUsage
j1,87,75,87
j2,69,75,69
j3,67,75,67
j4,71,75,71
j5,100,75,100
j6,87,75,87
j7,69,75,69
j8,77,75,77
j9,65,75,65
j10,80,75,80
j11,73,75,73
j12,51,75,51
j13,78,75,78
j14,79,75,79
j15,76,75,76
j16,83,75,83
j17,74,75,74
j18,76,75,76
j19,87,75,87
j20,76,75,76
j21,61,75,61
j22,68,75,68
j23,73,75,73
j24,81,75,81
j25,74,75,74
j26,60,75,60
j27,66,75,66
j28,80,75,80
j29,72,75,72
j30,72,75,72
j31,64,75,64
j32,98,75,98
j33,82,75,82
j34,84,75,84
j35,90,75,90
j36,75,75,75
j37,66,75,66
j38,73,75,73
j39,81,75,81
j40,97,75,97
j41,74,75,74
j42,80,75,80
j43,92,75,92
j44,88,75,88
j45,73,75,73
j46,61,75,61
j47,86,75,86
j48,72,75,72
j49,65,75,65
j50,76,75,76
j51,53,75,53
j52,79,75,79
j53,77,75,77
j54,88,75,88
j55,74,75,74
j56,79,75,79
j57,75,75,75
j58,84,75,84
j59,64,75,64
j60,70,75,70
j61,83,75,83
j62,82,75,82
j63,82,75,82
j64,82,75,82
j65,72,75,72
j66,74,75,74
j67,68,75,68
j68,68,75,68
j69,86,75,86
j70,93,75,93
j71,70,75,70
j72,75,75,75
j73,74,75,74
j74,66,75,66
j75,86,75,86
j76,85,75,85
j77,66,75,66
j78,86,75,86
j79,71,75,71
j80,59,75,59
j81,74,75,74
j82,80,75,80
j83,81,75,81
j84,97,75,97
j85,72,75,72
j86,73,75,73
j87,80,75,80
j88,70,75,70
j89,97,75,97
j90,71,75,71
j91,80,75,80
j92,79,75,79
j93,75,75,75
j94,88,75,88
j95,59,75,59
j96,70,75,70
j97,78,75,78
j98,67,75,67
j99,81,75,81
j100,83,75,83
