job,m1Time,m2Time,bufferUsage
j1,32,25,1
j2,40,25,1
j3,32,25,1
j4,20,25,1
j5,15,25,1
j6,31,25,1
j7,37,25,1
j8,16,25,1
j9,39,25,1
j10,33,25,1
j11,24,25,1
j12,1,25,1
j13,6,25,1
j14,28,25,1
j15,42,25,1
j16,28,25,1
j17,20,25,1
j18,24,25,1
j19,31,25,1
j20,14,25,1
j21,28,25,1
j22,25,25,1
j23,25,25,1
j24,28,25,1
j25,42,25,1
j26,32,25,1
j27,28,25,1
j28,17,25,1
j29,38,25,1
j30,22,25,1
j31,35,25,1
j32,29,25,1
j33,19,25,1
j34,14,25,1
j35,14,25,1
j36,24,25,1
j37,22,25,1
j38,35,25,1
j39,8,25,1
j40,29,25,1
j41,54,25,1
j42,42,25,1
j43,11,25,1
j44,11,25,1
j45,36,25,1
j46,28,25,1
j47,43,25,1
j48,30,25,1
j49,25,25,1
j50,16,25,1
