job,m1Time,m2Time,bufferUsage
j1,69,50,1
j2,31,50,1
j3,41,50,1
j4,67,50,1
j5,67,50,1
j6,44,50,1
j7,65,50,1
j8,47,50,1
j9,52,50,1
j10,41,50,1
j11,63,50,1
j12,51,50,1
j13,33,50,1
j14,30,50,1
j15,45,50,1
j16,36,50,1
j17,45,50,1
j18,59,50,1
j19,57,50,1
j20,42,50,1
j21,62,50,1
j22,60,50,1
j23,34,50,1
j24,37,50,1
j25,73,50,1
j26,43,50,1
j27,43,50,1
j28,48,50,1
j29,42,50,1
j30,46,50,1
j31,40,50,1
j32,45,50,1
j33,40,50,1
j34,42,50,1
j35,44,50,1
j36,61,50,1
j37,45,50,1
j38,64,50,1
j39,30,50,1
j40,54,50,1
j41,47,50,1
j42,62,50,1
j43,63,50,1
j44,54,50,1
j45,81,50,1
j46,57,50,1
j47,56,50,1
j48,80,50,1
j49,42,50,1
j50,71,50,1
j51,49,50,1
j52,66,50,1
j53,44,50,1
j54,66,50,1
j55,24,50,1
j56,40,50,1
j57,39,50,1
j58,36,50,1
j59,57,50,1
j60,55,50,1
j61,56,50,1
j62,48,50,1
j63,27,50,1
j64,52,50,1
j65,38,50,1
j66,41,50,1
j67,38,50,1
j68,67,50,1
j69,67,50,1
j70,58,50,1
j71,57,50,1
j72,41,50,1
j73,50,50,1
j74,49,50,1
j75,60,50,1
j76,47,50,1
j77,24,50,1
j78,59,50,1
j79,37,50,1
j80,56,50,1
j81,52,50,1
j82,50,50,1
j83,42,50,1
j84,47,50,1
j85,50,50,1
j86,57,50,1
j87,41,50,1
j88,43,50,1
j89,71,50,1
j90,43,50,1
j91,33,50,1
j92,62,50,1
j93,40,50,1
j94,40,50,1
j95,47,50,1
j96,48,50,1
j97,33,50,1
j98,42,50,1
j99,48,50,1
j100,56,50,1
