job,m1Time,m2Time,bufferUsage
j1,19,25,1
j2,21,25,1
j3,30,25,1
j4,2,25,1
j5,21,25,1
j6,39,25,1
j7,26,25,1
j8,23,25,1
j9,12,25,1
j10,29,25,1
j11,31,25,1
j12,32,25,1
j13,16,25,1
j14,8,25,1
j15,13,25,1
j16,19,25,1
j17,10,25,1
j18,37,25,1
j19,17,25,1
j20,14,25,1
j21,38,25,1
j22,30,25,1
j23,19,25,1
j24,25,25,1
j25,27,25,1
j26,29,25,1
j27,16,25,1
j28,20,25,1
j29,23,25,1
j30,28,25,1
j31,13,25,1
j32,16,25,1
j33,30,25,1
j34,26,25,1
j35,22,25,1
j36,37,25,1
j37,12,25,1
j38,42,25,1
j39,30,25,1
j40,46,25,1
j41,25,25,1
j42,34,25,1
j43,15,25,1
j44,33,25,1
j45,40,25,1
j46,18,25,1
j47,29,25,1
j48,31,25,1
j49,7,25,1
j50,11,25,1
j51,26,25,1
j52,22,25,1
j53,29,25,1
j54,23,25,1
j55,22,25,1
j56,52,25,1
j57,30,25,1
j58,44,25,1
j59,14,25,1
j60,27,25,1
j61,32,25,1
j62,20,25,1
j63,6,25,1
j64,1,25,1
j65,26,25,1
j66,33,25,1
j67,12,25,1
j68,38,25,1
j69,23,25,1
j70,40,25,1
j71,15,25,1
j72,45,25,1
j73,15,25,1
j74,16,25,1
j75,24,25,1
j76,33,25,1
j77,29,25,1
j78,8,25,1
j79,24,25,1
j80,21,25,1
j81,38,25,1
j82,18,25,1
j83,28,25,1
j84,40,25,1
j85,37,25,1
j86,25,25,1
j87,53,25,1
j88,20,25,1
j89,21,25,1
j90,39,25,1
j91,24,25,1
j92,38,25,1
j93,37,25,1
j94,23,25,1
j95,32,25,1
j96,17,25,1
j97,26,25,1
j98,22,25,1
j99,44,25,1
j100,31,25,1
