job,m1Time,m2Time,bufferUsage
j1,11,25,1
j2,16,25,1
j3,28,25,1
j4,26,25,1
j5,24,25,1
j6,35,25,1
j7,21,25,1
j8,29,25,1
j9,34,25,1
j10,28,25,1
j11,20,25,1
j12,22,25,1
j13,26,25,1
j14,36,25,1
j15,30,25,1
j16,29,25,1
j17,22,25,1
j18,33,25,1
j19,17,25,1
j20,22,25,1
j21,20,25,1
j22,32,25,1
j23,24,25,1
j24,30,25,1
j25,36,25,1
j26,44,25,1
j27,32,25,1
j28,13,25,1
j29,29,25,1
j30,21,25,1
j31,39,25,1
j32,28,25,1
j33,33,25,1
j34,37,25,1
j35,24,25,1
j36,1,25,1
j37,39,25,1
j38,12,25,1
j39,30,25,1
j40,44,25,1
j41,36,25,1
j42,28,25,1
j43,42,25,1
j44,15,25,1
j45,27,25,1
j46,35,25,1
j47,32,25,1
j48,28,25,1
j49,19,25,1
j50,26,25,1
j51,32,25,1
j52,19,25,1
j53,19,25,1
j54,26,25,1
j55,26,25,1
j56,33,25,1
j57,29,25,1
j58,17,25,1
j59,32,25,1
j60,21,25,1
j61,18,25,1
j62,18,25,1
j63,30,25,1
j64,55,25,1
j65,11,25,1
j66,27,25,1
j67,29,25,1
j68,30,25,1
j69,32,25,1
j70,1,25,1
j71,30,25,1
j72,23,25,1
j73,26,25,1
j74,11,25,1
j75,16,25,1
j76,36,25,1
j77,19,25,1
j78,44,25,1
j79,32,25,1
j80,29,25,1
j81,50,25,1
j82,35,25,1
j83,29,25,1
j84,26,25,1
j85,32,25,1
j86,39,25,1
j87,31,25,1
j88,20,25,1
j89,16,25,1
j90,18,25,1
j91,25,25,1
j92,22,25,1
j93,7,25,1
j94,40,25,1
j95,30,25,1
j96,23,25,1
j97,9,25,1
j98,25,25,1
j99,14,25,1
j100,22,25,1
