job,m1Time,m2Time,bufferUsage
j1,59,50,1
j2,43,50,1
j3,44,50,1
j4,31,50,1
j5,32,50,1
j6,53,50,1
j7,58,50,1
j8,56,50,1
j9,44,50,1
j10,58,50,1
j11,60,50,1
j12,68,50,1
j13,50,50,1
j14,37,50,1
j15,64,50,1
j16,41,50,1
j17,49,50,1
j18,53,50,1
j19,48,50,1
j20,38,50,1
j21,42,50,1
j22,43,50,1
j23,49,50,1
j24,61,50,1
j25,45,50,1
j26,57,50,1
j27,48,50,1
j28,42,50,1
j29,52,50,1
j30,35,50,1
j31,61,50,1
j32,24,50,1
j33,49,50,1
j34,57,50,1
j35,49,50,1
j36,68,50,1
j37,57,50,1
j38,58,50,1
j39,35,50,1
j40,46,50,1
j41,58,50,1
j42,49,50,1
j43,48,50,1
j44,53,50,1
j45,50,50,1
j46,46,50,1
j47,40,50,1
j48,57,50,1
j49,40,50,1
j50,34,50,1
