job,m1Time,m2Time,bufferUsage
j1,41,25,41
j2,29,25,29
j3,24,25,24
j4,39,25,39
j5,20,25,20
j6,17,25,17
j7,31,25,31
j8,35,25,35
j9,23,25,23
j10,32,25,32
j11,19,25,19
j12,15,25,15
j13,14,25,14
j14,36,25,36
j15,36,25,36
j16,26,25,26
j17,25,25,25
j18,22,25,22
j19,26,25,26
j20,48,25,48
j21,28,25,28
j22,26,25,26
j23,39,25,39
j24,31,25,31
j25,30,25,30
j26,30,25,30
j27,13,25,13
j28,26,25,26
j29,27,25,27
j30,31,25,31
j31,26,25,26
j32,19,25,19
j33,22,25,22
j34,23,25,23
j35,31,25,31
j36,10,25,10
j37,24,25,24
j38,40,25,40
j39,13,25,13
j40,27,25,27
j41,30,25,30
j42,16,25,16
j43,17,25,17
j44,19,25,19
j45,38,25,38
j46,1,25,1
j47,44,25,44
j48,29,25,29
j49,27,25,27
j50,38,25,38
