job,m1Time,m2Time,bufferUsage
j1,48,50,1
j2,51,50,1
j3,47,50,1
j4,40,50,1
j5,50,50,1
j6,34,50,1
j7,60,50,1
j8,58,50,1
j9,45,50,1
j10,55,50,1
j11,32,50,1
j12,63,50,1
j13,43,50,1
j14,55,50,1
j15,32,50,1
j16,70,50,1
j17,61,50,1
j18,45,50,1
j19,52,50,1
j20,51,50,1
j21,43,50,1
j22,36,50,1
j23,43,50,1
j24,45,50,1
j25,68,50,1
j26,54,50,1
j27,39,50,1
j28,61,50,1
j29,43,50,1
j30,29,50,1
j31,66,50,1
j32,45,50,1
j33,46,50,1
j34,48,50,1
j35,58,50,1
j36,54,50,1
j37,61,50,1
j38,49,50,1
j39,67,50,1
j40,52,50,1
j41,42,50,1
j42,45,50,1
j43,47,50,1
j44,59,50,1
j45,51,50,1
j46,48,50,1
j47,47,50,1
j48,33,50,1
j49,53,50,1
j50,55,50,1
