job,m1Time,m2Time,bufferUsage
j1,73,75,1
j2,70,75,1
j3,65,75,1
j4,79,75,1
j5,86,75,1
j6,76,75,1
j7,63,75,1
j8,70,75,1
j9,71,75,1
j10,86,75,1
j11,84,75,1
j12,68,75,1
j13,65,75,1
j14,72,75,1
j15,76,75,1
j16,68,75,1
j17,69,75,1
j18,72,75,1
j19,82,75,1
j20,70,75,1
j21,67,75,1
j22,72,75,1
j23,66,75,1
j24,64,75,1
j25,68,75,1
j26,63,75,1
j27,74,75,1
j28,80,75,1
j29,85,75,1
j30,74,75,1
j31,83,75,1
j32,70,75,1
j33,88,75,1
j34,88,75,1
j35,67,75,1
j36,76,75,1
j37,67,75,1
j38,80,75,1
j39,70,75,1
j40,76,75,1
j41,86,75,1
j42,65,75,1
j43,70,75,1
j44,65,75,1
j45,65,75,1
j46,81,75,1
j47,76,75,1
j48,75,75,1
j49,85,75,1
j50,79,75,1
j51,63,75,1
j52,79,75,1
j53,92,75,1
j54,85,75,1
j55,73,75,1
j56,91,75,1
j57,72,75,1
j58,78,75,1
j59,72,75,1
j60,81,75,1
j61,84,75,1
j62,78,75,1
j63,91,75,1
j64,95,75,1
j65,81,75,1
j66,75,75,1
j67,78,75,1
j68,86,75,1
j69,78,75,1
j70,69,75,1
j71,79,75,1
j72,80,75,1
j73,95,75,1
j74,82,75,1
j75,60,75,1
j76,66,75,1
j77,75,75,1
j78,77,75,1
j79,84,75,1
j80,75,75,1
j81,73,75,1
j82,69,75,1
j83,90,75,1
j84,74,75,1
j85,70,75,1
j86,80,75,1
j87,76,75,1
j88,77,75,1
j89,78,75,1
j90,59,75,1
j91,73,75,1
j92,76,75,1
j93,74,75,1
j94,74,75,1
j95,77,75,1
j96,72,75,1
j97,64,75,1
j98,97,75,1
j99,91,75,1
j100,98,75,1
j101,66,75,1
j102,83,75,1
j103,70,75,1
j104,83,75,1
j105,64,75,1
j106,72,75,1
j107,76,75,1
j108,81,75,1
j109,76,75,1
j110,91,75,1
j111,70,75,1
j112,63,75,1
j113,78,75,1
j114,59,75,1
j115,78,75,1
j116,64,75,1
j117,91,75,1
j118,84,75,1
j119,85,75,1
j120,87,75,1
j121,84,75,1
j122,79,75,1
j123,87,75,1
j124,70,75,1
j125,67,75,1
j126,76,75,1
j127,72,75,1
j128,85,75,1
j129,65,75,1
j130,93,75,1
j131,80,75,1
j132,80,75,1
j133,65,75,1
j134,73,75,1
j135,84,75,1
j136,93,75,1
j137,88,75,1
j138,80,75,1
j139,74,75,1
j140,71,75,1
j141,87,75,1
j142,75,75,1
j143,68,75,1
j144,70,75,1
j145,79,75,1
j146,79,75,1
j147,74,75,1
j148,75,75,1
j149,63,75,1
j150,104,75,1
