job,m1Time,m2Time,bufferUsage
j1,31,25,1
j2,28,25,1
j3,44,25,1
j4,35,25,1
j5,41,25,1
j6,23,25,1
j7,25,25,1
j8,30,25,1
j9,21,25,1
j10,25,25,1
j11,24,25,1
j12,12,25,1
j13,8,25,1
j14,35,25,1
j15,19,25,1
j16,17,25,1
j17,41,25,1
j18,10,25,1
j19,22,25,1
j20,17,25,1
j21,1,25,1
j22,26,25,1
j23,20,25,1
j24,21,25,1
j25,36,25,1
j26,18,25,1
j27,38,25,1
j28,29,25,1
j29,25,25,1
j30,17,25,1
j31,21,25,1
j32,25,25,1
j33,27,25,1
j34,23,25,1
j35,29,25,1
j36,31,25,1
j37,10,25,1
j38,24,25,1
j39,25,25,1
j40,34,25,1
j41,20,25,1
j42,15,25,1
j43,28,25,1
j44,24,25,1
j45,30,25,1
j46,12,25,1
j47,20,25,1
j48,31,25,1
j49,12,25,1
j50,25,25,1
j51,21,25,1
j52,7,25,1
j53,19,25,1
j54,23,25,1
j55,28,25,1
j56,20,25,1
j57,13,25,1
j58,7,25,1
j59,35,25,1
j60,23,25,1
j61,30,25,1
j62,10,25,1
j63,13,25,1
j64,20,25,1
j65,43,25,1
j66,9,25,1
j67,27,25,1
j68,33,25,1
j69,24,25,1
j70,14,25,1
j71,28,25,1
j72,16,25,1
j73,14,25,1
j74,32,25,1
j75,16,25,1
j76,29,25,1
j77,41,25,1
j78,17,25,1
j79,29,25,1
j80,9,25,1
j81,21,25,1
j82,28,25,1
j83,40,25,1
j84,25,25,1
j85,23,25,1
j86,27,25,1
j87,29,25,1
j88,24,25,1
j89,12,25,1
j90,41,25,1
j91,31,25,1
j92,31,25,1
j93,25,25,1
j94,23,25,1
j95,46,25,1
j96,12,25,1
j97,8,25,1
j98,32,25,1
j99,18,25,1
j100,22,25,1
j101,27,25,1
j102,12,25,1
j103,11,25,1
j104,16,25,1
j105,20,25,1
j106,6,25,1
j107,19,25,1
j108,12,25,1
j109,11,25,1
j110,32,25,1
j111,19,25,1
j112,28,25,1
j113,27,25,1
j114,33,25,1
j115,26,25,1
j116,31,25,1
j117,19,25,1
j118,26,25,1
j119,28,25,1
j120,26,25,1
j121,28,25,1
j122,28,25,1
j123,39,25,1
j124,19,25,1
j125,36,25,1
j126,1,25,1
j127,36,25,1
j128,38,25,1
j129,52,25,1
j130,33,25,1
j131,40,25,1
j132,39,25,1
j133,41,25,1
j134,36,25,1
j135,45,25,1
j136,37,25,1
j137,44,25,1
j138,24,25,1
j139,27,25,1
j140,13,25,1
j141,21,25,1
j142,41,25,1
j143,28,25,1
j144,35,25,1
j145,25,25,1
j146,40,25,1
j147,21,25,1
j148,30,25,1
j149,25,25,1
j150,28,25,1
