job,m1Time,m2Time,bufferUsage
j1,73,75,73
j2,70,75,70
j3,65,75,65
j4,79,75,79
j5,86,75,86
j6,76,75,76
j7,63,75,63
j8,70,75,70
j9,71,75,71
j10,86,75,86
j11,84,75,84
j12,68,75,68
j13,65,75,65
j14,72,75,72
j15,76,75,76
j16,68,75,68
j17,69,75,69
j18,72,75,72
j19,82,75,82
j20,70,75,70
j21,67,75,67
j22,72,75,72
j23,66,75,66
j24,64,75,64
j25,68,75,68
j26,63,75,63
j27,74,75,74
j28,80,75,80
j29,85,75,85
j30,74,75,74
j31,83,75,83
j32,70,75,70
j33,88,75,88
j34,88,75,88
j35,67,75,67
j36,76,75,76
j37,67,75,67
j38,80,75,80
j39,70,75,70
j40,76,75,76
j41,86,75,86
j42,65,75,65
j43,70,75,70
j44,65,75,65
j45,65,75,65
j46,81,75,81
j47,76,75,76
j48,75,75,75
j49,85,75,85
j50,79,75,79
j51,63,75,63
j52,79,75,79
j53,92,75,92
j54,85,75,85
j55,73,75,73
j56,91,75,91
j57,72,75,72
j58,78,75,78
j59,72,75,72
j60,81,75,81
j61,84,75,84
j62,78,75,78
j63,91,75,91
j64,95,75,95
j65,81,75,81
j66,75,75,75
j67,78,75,78
j68,86,75,86
j69,78,75,78
j70,69,75,69
j71,79,75,79
j72,80,75,80
j73,95,75,95
j74,82,75,82
j75,60,75,60
j76,66,75,66
j77,75,75,75
j78,77,75,77
j79,84,75,84
j80,75,75,75
j81,73,75,73
j82,69,75,69
j83,90,75,90
j84,74,75,74
j85,70,75,70
j86,80,75,80
j87,76,75,76
j88,77,75,77
j89,78,75,78
j90,59,75,59
j91,73,75,73
j92,76,75,76
j93,74,75,74
j94,74,75,74
j95,77,75,77
j96,72,75,72
j97,64,75,64
j98,97,75,97
j99,91,75,91
j100,98,75,98
j101,66,75,66
j102,83,75,83
j103,70,75,70
j104,83,75,83
j105,64,75,64
j106,72,75,72
j107,76,75,76
j108,81,75,81
j109,76,75,76
j110,91,75,91
j111,70,75,70
j112,63,75,63
j113,78,75,78
j114,59,75,59
j115,78,75,78
j116,64,75,64
j117,91,75,91
j118,84,75,84
j119,85,75,85
j120,87,75,87
j121,84,75,84
j122,79,75,79
j123,87,75,87
j124,70,75,70
j125,67,75,67
j126,76,75,76
j127,72,75,72
j128,85,75,85
j129,65,75,65
j130,93,75,93
j131,80,75,80
j132,80,75,80
j133,65,75,65
j134,73,75,73
j135,84,75,84
j136,93,75,93
j137,88,75,88
j138,80,75,80
j139,74,75,74
j140,71,75,71
j141,87,75,87
j142,75,75,75
j143,68,75,68
j144,70,75,70
j145,79,75,79
j146,79,75,79
j147,74,75,74
j148,75,75,75
j149,63,75,63
j150,104,75,104
