job,m1Time,m2Time,bufferUsage
j1,37,25,1
j2,46,25,1
j3,23,25,1
j4,24,25,1
j5,12,25,1
j6,29,25,1
j7,15,25,1
j8,29,25,1
j9,30,25,1
j10,12,25,1
j11,21,25,1
j12,36,25,1
j13,12,25,1
j14,40,25,1
j15,17,25,1
j16,27,25,1
j17,26,25,1
j18,29,25,1
j19,6,25,1
j20,32,25,1
j21,38,25,1
j22,18,25,1
j23,14,25,1
j24,42,25,1
j25,25,25,1
j26,36,25,1
j27,30,25,1
j28,28,25,1
j29,20,25,1
j30,31,25,1
j31,40,25,1
j32,38,25,1
j33,13,25,1
j34,19,25,1
j35,24,25,1
j36,29,25,1
j37,15,25,1
j38,24,25,1
j39,28,25,1
j40,16,25,1
j41,25,25,1
j42,25,25,1
j43,31,25,1
j44,11,25,1
j45,22,25,1
j46,37,25,1
j47,21,25,1
j48,28,25,1
j49,34,25,1
j50,33,25,1
j51,28,25,1
j52,25,25,1
j53,30,25,1
j54,30,25,1
j55,22,25,1
j56,36,25,1
j57,29,25,1
j58,30,25,1
j59,25,25,1
j60,6,25,1
j61,30,25,1
j62,36,25,1
j63,21,25,1
j64,22,25,1
j65,32,25,1
j66,14,25,1
j67,18,25,1
j68,41,25,1
j69,26,25,1
j70,21,25,1
j71,28,25,1
j72,22,25,1
j73,22,25,1
j74,29,25,1
j75,18,25,1
j76,55,25,1
j77,40,25,1
j78,18,25,1
j79,20,25,1
j80,5,25,1
j81,47,25,1
j82,15,25,1
j83,38,25,1
j84,20,25,1
j85,28,25,1
j86,33,25,1
j87,7,25,1
j88,43,25,1
j89,23,25,1
j90,41,25,1
j91,30,25,1
j92,8,25,1
j93,32,25,1
j94,22,25,1
j95,26,25,1
j96,22,25,1
j97,27,25,1
j98,16,25,1
j99,43,25,1
j100,16,25,1
j101,26,25,1
j102,43,25,1
j103,39,25,1
j104,26,25,1
j105,10,25,1
j106,26,25,1
j107,21,25,1
j108,33,25,1
j109,35,25,1
j110,18,25,1
j111,28,25,1
j112,22,25,1
j113,49,25,1
j114,46,25,1
j115,31,25,1
j116,18,25,1
j117,36,25,1
j118,29,25,1
j119,21,25,1
j120,26,25,1
j121,40,25,1
j122,21,25,1
j123,22,25,1
j124,19,25,1
j125,25,25,1
j126,28,25,1
j127,30,25,1
j128,15,25,1
j129,8,25,1
j130,30,25,1
j131,46,25,1
j132,42,25,1
j133,19,25,1
j134,25,25,1
j135,36,25,1
j136,40,25,1
j137,23,25,1
j138,22,25,1
j139,24,25,1
j140,11,25,1
j141,31,25,1
j142,22,25,1
j143,29,25,1
j144,25,25,1
j145,51,25,1
j146,26,25,1
j147,23,25,1
j148,43,25,1
j149,33,25,1
j150,22,25,1
