job,m1Time,m2Time,bufferUsage
j1,75,75,1
j2,62,75,1
j3,75,75,1
j4,89,75,1
j5,97,75,1
j6,84,75,1
j7,88,75,1
j8,73,75,1
j9,58,75,1
j10,87,75,1
j11,81,75,1
j12,93,75,1
j13,103,75,1
j14,63,75,1
j15,78,75,1
j16,70,75,1
j17,89,75,1
j18,72,75,1
j19,73,75,1
j20,90,75,1
j21,75,75,1
j22,66,75,1
j23,71,75,1
j24,80,75,1
j25,70,75,1
j26,84,75,1
j27,86,75,1
j28,69,75,1
j29,68,75,1
j30,74,75,1
j31,78,75,1
j32,88,75,1
j33,69,75,1
j34,69,75,1
j35,53,75,1
j36,72,75,1
j37,76,75,1
j38,74,75,1
j39,94,75,1
j40,87,75,1
j41,74,75,1
j42,71,75,1
j43,76,75,1
j44,73,75,1
j45,78,75,1
j46,82,75,1
j47,72,75,1
j48,58,75,1
j49,90,75,1
j50,78,75,1
