job,m1Time,m2Time,bufferUsage
j1,64,50,64
j2,48,50,48
j3,60,50,60
j4,69,50,69
j5,55,50,55
j6,54,50,54
j7,53,50,53
j8,52,50,52
j9,52,50,52
j10,56,50,56
j11,60,50,60
j12,50,50,50
j13,48,50,48
j14,63,50,63
j15,68,50,68
j16,60,50,60
j17,50,50,50
j18,49,50,49
j19,40,50,40
j20,38,50,38
j21,54,50,54
j22,55,50,55
j23,51,50,51
j24,52,50,52
j25,67,50,67
j26,55,50,55
j27,43,50,43
j28,67,50,67
j29,58,50,58
j30,57,50,57
j31,49,50,49
j32,62,50,62
j33,43,50,43
j34,62,50,62
j35,46,50,46
j36,47,50,47
j37,55,50,55
j38,43,50,43
j39,52,50,52
j40,54,50,54
j41,30,50,30
j42,66,50,66
j43,52,50,52
j44,50,50,50
j45,65,50,65
j46,69,50,69
j47,59,50,59
j48,32,50,32
j49,54,50,54
j50,45,50,45
j51,43,50,43
j52,58,50,58
j53,75,50,75
j54,47,50,47
j55,47,50,47
j56,39,50,39
j57,41,50,41
j58,50,50,50
j59,56,50,56
j60,87,50,87
j61,42,50,42
j62,66,50,66
j63,50,50,50
j64,56,50,56
j65,46,50,46
j66,61,50,61
j67,59,50,59
j68,51,50,51
j69,57,50,57
j70,60,50,60
j71,40,50,40
j72,31,50,31
j73,44,50,44
j74,46,50,46
j75,43,50,43
j76,46,50,46
j77,50,50,50
j78,58,50,58
j79,39,50,39
j80,42,50,42
j81,49,50,49
j82,43,50,43
j83,55,50,55
j84,50,50,50
j85,54,50,54
j86,56,50,56
j87,54,50,54
j88,35,50,35
j89,55,50,55
j90,52,50,52
j91,45,50,45
j92,50,50,50
j93,47,50,47
j94,60,50,60
j95,50,50,50
j96,41,50,41
j97,44,50,44
j98,67,50,67
j99,40,50,40
j100,63,50,63
j101,59,50,59
j102,49,50,49
j103,52,50,52
j104,57,50,57
j105,54,50,54
j106,42,50,42
j107,37,50,37
j108,52,50,52
j109,46,50,46
j110,56,50,56
j111,52,50,52
j112,50,50,50
j113,44,50,44
j114,41,50,41
j115,62,50,62
j116,49,50,49
j117,37,50,37
j118,52,50,52
j119,51,50,51
j120,56,50,56
j121,52,50,52
j122,43,50,43
j123,46,50,46
j124,37,50,37
j125,50,50,50
j126,48,50,48
j127,41,50,41
j128,56,50,56
j129,52,50,52
j130,55,50,55
j131,48,50,48
j132,44,50,44
j133,46,50,46
j134,60,50,60
j135,53,50,53
j136,52,50,52
j137,41,50,41
j138,61,50,61
j139,57,50,57
j140,50,50,50
j141,52,50,52
j142,53,50,53
j143,60,50,60
j144,54,50,54
j145,55,50,55
j146,33,50,33
j147,56,50,56
j148,43,50,43
j149,52,50,52
j150,64,50,64
