job,m1Time,m2Time,bufferUsage
j1,80,75,80
j2,91,75,91
j3,64,75,64
j4,75,75,75
j5,64,75,64
j6,74,75,74
j7,70,75,70
j8,84,75,84
j9,78,75,78
j10,59,75,59
j11,75,75,75
j12,76,75,76
j13,69,75,69
j14,82,75,82
j15,70,75,70
j16,73,75,73
j17,60,75,60
j18,79,75,79
j19,62,75,62
j20,82,75,82
j21,66,75,66
j22,74,75,74
j23,71,75,71
j24,78,75,78
j25,57,75,57
j26,69,75,69
j27,68,75,68
j28,93,75,93
j29,77,75,77
j30,65,75,65
j31,66,75,66
j32,80,75,80
j33,75,75,75
j34,61,75,61
j35,78,75,78
j36,74,75,74
j37,77,75,77
j38,69,75,69
j39,68,75,68
j40,90,75,90
j41,86,75,86
j42,75,75,75
j43,69,75,69
j44,72,75,72
j45,68,75,68
j46,88,75,88
j47,64,75,64
j48,86,75,86
j49,80,75,80
j50,81,75,81
j51,72,75,72
j52,66,75,66
j53,72,75,72
j54,83,75,83
j55,80,75,80
j56,74,75,74
j57,80,75,80
j58,76,75,76
j59,81,75,81
j60,88,75,88
j61,74,75,74
j62,63,75,63
j63,77,75,77
j64,73,75,73
j65,76,75,76
j66,89,75,89
j67,89,75,89
j68,84,75,84
j69,72,75,72
j70,70,75,70
j71,76,75,76
j72,75,75,75
j73,77,75,77
j74,72,75,72
j75,87,75,87
j76,65,75,65
j77,82,75,82
j78,97,75,97
j79,78,75,78
j80,72,75,72
j81,64,75,64
j82,84,75,84
j83,77,75,77
j84,60,75,60
j85,80,75,80
j86,71,75,71
j87,73,75,73
j88,74,75,74
j89,96,75,96
j90,83,75,83
j91,69,75,69
j92,87,75,87
j93,110,75,110
j94,60,75,60
j95,71,75,71
j96,69,75,69
j97,92,75,92
j98,62,75,62
j99,77,75,77
j100,68,75,68
j101,80,75,80
j102,85,75,85
j103,83,75,83
j104,77,75,77
j105,76,75,76
j106,69,75,69
j107,77,75,77
j108,65,75,65
j109,73,75,73
j110,76,75,76
j111,85,75,85
j112,86,75,86
j113,59,75,59
j114,83,75,83
j115,77,75,77
j116,85,75,85
j117,70,75,70
j118,71,75,71
j119,75,75,75
j120,67,75,67
j121,83,75,83
j122,86,75,86
j123,70,75,70
j124,75,75,75
j125,77,75,77
j126,67,75,67
j127,54,75,54
j128,63,75,63
j129,74,75,74
j130,64,75,64
j131,64,75,64
j132,83,75,83
j133,75,75,75
j134,71,75,71
j135,73,75,73
j136,82,75,82
j137,76,75,76
j138,66,75,66
j139,71,75,71
j140,69,75,69
j141,71,75,71
j142,67,75,67
j143,80,75,80
j144,68,75,68
j145,69,75,69
j146,76,75,76
j147,58,75,58
j148,77,75,77
j149,75,75,75
j150,69,75,69
