job,m1Time,m2Time,bufferUsage
j1,76,75,76
j2,68,75,68
j3,77,75,77
j4,75,75,75
j5,76,75,76
j6,66,75,66
j7,58,75,58
j8,57,75,57
j9,95,75,95
j10,91,75,91
j11,94,75,94
j12,75,75,75
j13,80,75,80
j14,68,75,68
j15,84,75,84
j16,79,75,79
j17,78,75,78
j18,72,75,72
j19,71,75,71
j20,95,75,95
j21,83,75,83
j22,71,75,71
j23,86,75,86
j24,89,75,89
j25,91,75,91
j26,78,75,78
j27,60,75,60
j28,81,75,81
j29,82,75,82
j30,82,75,82
j31,63,75,63
j32,54,75,54
j33,71,75,71
j34,65,75,65
j35,72,75,72
j36,72,75,72
j37,74,75,74
j38,73,75,73
j39,76,75,76
j40,77,75,77
j41,64,75,64
j42,78,75,78
j43,76,75,76
j44,84,75,84
j45,81,75,81
j46,70,75,70
j47,82,75,82
j48,77,75,77
j49,76,75,76
j50,89,75,89
