job,m1Time,m2Time,bufferUsage
j1,95,75,95
j2,69,75,69
j3,72,75,72
j4,66,75,66
j5,53,75,53
j6,71,75,71
j7,77,75,77
j8,81,75,81
j9,66,75,66
j10,74,75,74
j11,60,75,60
j12,66,75,66
j13,76,75,76
j14,56,75,56
j15,82,75,82
j16,69,75,69
j17,79,75,79
j18,71,75,71
j19,88,75,88
j20,80,75,80
j21,72,75,72
j22,84,75,84
j23,66,75,66
j24,77,75,77
j25,82,75,82
j26,82,75,82
j27,62,75,62
j28,81,75,81
j29,73,75,73
j30,80,75,80
j31,75,75,75
j32,95,75,95
j33,72,75,72
j34,62,75,62
j35,83,75,83
j36,72,75,72
j37,71,75,71
j38,68,75,68
j39,70,75,70
j40,78,75,78
j41,54,75,54
j42,77,75,77
j43,60,75,60
j44,79,75,79
j45,82,75,82
j46,81,75,81
j47,73,75,73
j48,70,75,70
j49,82,75,82
j50,89,75,89
j51,64,75,64
j52,68,75,68
j53,69,75,69
j54,88,75,88
j55,78,75,78
j56,63,75,63
j57,100,75,100
j58,78,75,78
j59,69,75,69
j60,76,75,76
j61,61,75,61
j62,81,75,81
j63,74,75,74
j64,77,75,77
j65,72,75,72
j66,80,75,80
j67,81,75,81
j68,81,75,81
j69,102,75,102
j70,71,75,71
j71,79,75,79
j72,78,75,78
j73,87,75,87
j74,81,75,81
j75,80,75,80
j76,92,75,92
j77,70,75,70
j78,74,75,74
j79,70,75,70
j80,55,75,55
j81,68,75,68
j82,62,75,62
j83,72,75,72
j84,64,75,64
j85,80,75,80
j86,72,75,72
j87,88,75,88
j88,92,75,92
j89,70,75,70
j90,63,75,63
j91,77,75,77
j92,86,75,86
j93,70,75,70
j94,85,75,85
j95,82,75,82
j96,67,75,67
j97,70,75,70
j98,78,75,78
j99,67,75,67
j100,85,75,85
