job,m1Time,m2Time,bufferUsage
j1,21,25,21
j2,12,25,12
j3,11,25,11
j4,12,25,12
j5,7,25,7
j6,11,25,11
j7,27,25,27
j8,38,25,38
j9,39,25,39
j10,12,25,12
j11,30,25,30
j12,6,25,6
j13,20,25,20
j14,12,25,12
j15,16,25,16
j16,36,25,36
j17,48,25,48
j18,22,25,22
j19,1,25,1
j20,24,25,24
j21,8,25,8
j22,7,25,7
j23,17,25,17
j24,27,25,27
j25,46,25,46
j26,54,25,54
j27,15,25,15
j28,28,25,28
j29,28,25,28
j30,32,25,32
j31,30,25,30
j32,29,25,29
j33,23,25,23
j34,21,25,21
j35,23,25,23
j36,24,25,24
j37,10,25,10
j38,46,25,46
j39,19,25,19
j40,26,25,26
j41,33,25,33
j42,20,25,20
j43,37,25,37
j44,27,25,27
j45,4,25,4
j46,38,25,38
j47,22,25,22
j48,16,25,16
j49,30,25,30
j50,19,25,19
