job,m1Time,m2Time,bufferUsage
j1,64,50,1
j2,48,50,1
j3,60,50,1
j4,69,50,1
j5,55,50,1
j6,54,50,1
j7,53,50,1
j8,52,50,1
j9,52,50,1
j10,56,50,1
j11,60,50,1
j12,50,50,1
j13,48,50,1
j14,63,50,1
j15,68,50,1
j16,60,50,1
j17,50,50,1
j18,49,50,1
j19,40,50,1
j20,38,50,1
j21,54,50,1
j22,55,50,1
j23,51,50,1
j24,52,50,1
j25,67,50,1
j26,55,50,1
j27,43,50,1
j28,67,50,1
j29,58,50,1
j30,57,50,1
j31,49,50,1
j32,62,50,1
j33,43,50,1
j34,62,50,1
j35,46,50,1
j36,47,50,1
j37,55,50,1
j38,43,50,1
j39,52,50,1
j40,54,50,1
j41,30,50,1
j42,66,50,1
j43,52,50,1
j44,50,50,1
j45,65,50,1
j46,69,50,1
j47,59,50,1
j48,32,50,1
j49,54,50,1
j50,45,50,1
j51,43,50,1
j52,58,50,1
j53,75,50,1
j54,47,50,1
j55,47,50,1
j56,39,50,1
j57,41,50,1
j58,50,50,1
j59,56,50,1
j60,87,50,1
j61,42,50,1
j62,66,50,1
j63,50,50,1
j64,56,50,1
j65,46,50,1
j66,61,50,1
j67,59,50,1
j68,51,50,1
j69,57,50,1
j70,60,50,1
j71,40,50,1
j72,31,50,1
j73,44,50,1
j74,46,50,1
j75,43,50,1
j76,46,50,1
j77,50,50,1
j78,58,50,1
j79,39,50,1
j80,42,50,1
j81,49,50,1
j82,43,50,1
j83,55,50,1
j84,50,50,1
j85,54,50,1
j86,56,50,1
j87,54,50,1
j88,35,50,1
j89,55,50,1
j90,52,50,1
j91,45,50,1
j92,50,50,1
j93,47,50,1
j94,60,50,1
j95,50,50,1
j96,41,50,1
j97,44,50,1
j98,67,50,1
j99,40,50,1
j100,63,50,1
j101,59,50,1
j102,49,50,1
j103,52,50,1
j104,57,50,1
j105,54,50,1
j106,42,50,1
j107,37,50,1
j108,52,50,1
j109,46,50,1
j110,56,50,1
j111,52,50,1
j112,50,50,1
j113,44,50,1
j114,41,50,1
j115,62,50,1
j116,49,50,1
j117,37,50,1
j118,52,50,1
j119,51,50,1
j120,56,50,1
j121,52,50,1
j122,43,50,1
j123,46,50,1
j124,37,50,1
j125,50,50,1
j126,48,50,1
j127,41,50,1
j128,56,50,1
j129,52,50,1
j130,55,50,1
j131,48,50,1
j132,44,50,1
j133,46,50,1
j134,60,50,1
j135,53,50,1
j136,52,50,1
j137,41,50,1
j138,61,50,1
j139,57,50,1
j140,50,50,1
j141,52,50,1
j142,53,50,1
j143,60,50,1
j144,54,50,1
j145,55,50,1
j146,33,50,1
j147,56,50,1
j148,43,50,1
j149,52,50,1
j150,64,50,1
