job,m1Time,m2Time,bufferUsage
j1,57,75,1
j2,85,75,1
j3,62,75,1
j4,70,75,1
j5,75,75,1
j6,90,75,1
j7,64,75,1
j8,110,75,1
j9,80,75,1
j10,82,75,1
j11,71,75,1
j12,80,75,1
j13,83,75,1
j14,71,75,1
j15,76,75,1
j16,74,75,1
j17,88,75,1
j18,72,75,1
j19,82,75,1
j20,77,75,1
j21,57,75,1
j22,67,75,1
j23,70,75,1
j24,70,75,1
j25,81,75,1
j26,66,75,1
j27,75,75,1
j28,95,75,1
j29,70,75,1
j30,66,75,1
j31,93,75,1
j32,65,75,1
j33,85,75,1
j34,80,75,1
j35,68,75,1
j36,95,75,1
j37,75,75,1
j38,69,75,1
j39,80,75,1
j40,80,75,1
j41,69,75,1
j42,75,75,1
j43,50,75,1
j44,74,75,1
j45,65,75,1
j46,72,75,1
j47,72,75,1
j48,74,75,1
j49,74,75,1
j50,89,75,1
j51,56,75,1
j52,61,75,1
j53,55,75,1
j54,78,75,1
j55,74,75,1
j56,92,75,1
j57,67,75,1
j58,74,75,1
j59,83,75,1
j60,71,75,1
j61,79,75,1
j62,76,75,1
j63,94,75,1
j64,75,75,1
j65,76,75,1
j66,59,75,1
j67,65,75,1
j68,76,75,1
j69,77,75,1
j70,69,75,1
j71,91,75,1
j72,67,75,1
j73,66,75,1
j74,71,75,1
j75,98,75,1
j76,92,75,1
j77,79,75,1
j78,71,75,1
j79,79,75,1
j80,56,75,1
j81,64,75,1
j82,80,75,1
j83,77,75,1
j84,65,75,1
j85,66,75,1
j86,72,75,1
j87,62,75,1
j88,72,75,1
j89,83,75,1
j90,75,75,1
j91,75,75,1
j92,90,75,1
j93,81,75,1
j94,68,75,1
j95,83,75,1
j96,56,75,1
j97,66,75,1
j98,62,75,1
j99,85,75,1
j100,72,75,1
