job,m1Time,m2Time,bufferUsage
j1,71,75,1
j2,69,75,1
j3,91,75,1
j4,84,75,1
j5,71,75,1
j6,90,75,1
j7,62,75,1
j8,65,75,1
j9,95,75,1
j10,74,75,1
j11,89,75,1
j12,90,75,1
j13,81,75,1
j14,94,75,1
j15,77,75,1
j16,60,75,1
j17,59,75,1
j18,73,75,1
j19,78,75,1
j20,86,75,1
j21,60,75,1
j22,86,75,1
j23,77,75,1
j24,82,75,1
j25,59,75,1
j26,79,75,1
j27,90,75,1
j28,82,75,1
j29,79,75,1
j30,69,75,1
j31,69,75,1
j32,76,75,1
j33,74,75,1
j34,85,75,1
j35,91,75,1
j36,77,75,1
j37,74,75,1
j38,95,75,1
j39,78,75,1
j40,79,75,1
j41,49,75,1
j42,78,75,1
j43,74,75,1
j44,82,75,1
j45,65,75,1
j46,77,75,1
j47,76,75,1
j48,80,75,1
j49,66,75,1
j50,78,75,1
j51,93,75,1
j52,65,75,1
j53,69,75,1
j54,93,75,1
j55,61,75,1
j56,90,75,1
j57,68,75,1
j58,80,75,1
j59,73,75,1
j60,100,75,1
j61,75,75,1
j62,66,75,1
j63,72,75,1
j64,79,75,1
j65,97,75,1
j66,69,75,1
j67,101,75,1
j68,69,75,1
j69,85,75,1
j70,68,75,1
j71,80,75,1
j72,68,75,1
j73,68,75,1
j74,80,75,1
j75,62,75,1
j76,78,75,1
j77,78,75,1
j78,76,75,1
j79,92,75,1
j80,64,75,1
j81,66,75,1
j82,68,75,1
j83,66,75,1
j84,79,75,1
j85,81,75,1
j86,63,75,1
j87,83,75,1
j88,61,75,1
j89,71,75,1
j90,67,75,1
j91,67,75,1
j92,85,75,1
j93,86,75,1
j94,82,75,1
j95,81,75,1
j96,80,75,1
j97,54,75,1
j98,88,75,1
j99,93,75,1
j100,72,75,1
j101,75,75,1
j102,92,75,1
j103,88,75,1
j104,53,75,1
j105,58,75,1
j106,85,75,1
j107,65,75,1
j108,69,75,1
j109,90,75,1
j110,63,75,1
j111,58,75,1
j112,79,75,1
j113,66,75,1
j114,71,75,1
j115,61,75,1
j116,81,75,1
j117,78,75,1
j118,72,75,1
j119,83,75,1
j120,83,75,1
j121,87,75,1
j122,83,75,1
j123,74,75,1
j124,74,75,1
j125,71,75,1
j126,73,75,1
j127,92,75,1
j128,59,75,1
j129,78,75,1
j130,69,75,1
j131,70,75,1
j132,67,75,1
j133,85,75,1
j134,66,75,1
j135,84,75,1
j136,80,75,1
j137,78,75,1
j138,71,75,1
j139,80,75,1
j140,89,75,1
j141,69,75,1
j142,101,75,1
j143,57,75,1
j144,79,75,1
j145,95,75,1
j146,85,75,1
j147,83,75,1
j148,65,75,1
j149,70,75,1
j150,70,75,1
