job,m1Time,m2Time,bufferUsage
j1,46,50,1
j2,64,50,1
j3,51,50,1
j4,44,50,1
j5,58,50,1
j6,57,50,1
j7,53,50,1
j8,40,50,1
j9,31,50,1
j10,58,50,1
j11,55,50,1
j12,63,50,1
j13,41,50,1
j14,46,50,1
j15,39,50,1
j16,69,50,1
j17,55,50,1
j18,54,50,1
j19,35,50,1
j20,44,50,1
j21,45,50,1
j22,46,50,1
j23,68,50,1
j24,44,50,1
j25,45,50,1
j26,64,50,1
j27,52,50,1
j28,48,50,1
j29,37,50,1
j30,60,50,1
j31,52,50,1
j32,37,50,1
j33,37,50,1
j34,48,50,1
j35,48,50,1
j36,65,50,1
j37,64,50,1
j38,44,50,1
j39,50,50,1
j40,71,50,1
j41,63,50,1
j42,44,50,1
j43,64,50,1
j44,62,50,1
j45,65,50,1
j46,67,50,1
j47,57,50,1
j48,51,50,1
j49,48,50,1
j50,45,50,1
j51,19,50,1
j52,63,50,1
j53,39,50,1
j54,70,50,1
j55,55,50,1
j56,52,50,1
j57,39,50,1
j58,48,50,1
j59,56,50,1
j60,53,50,1
j61,55,50,1
j62,50,50,1
j63,42,50,1
j64,59,50,1
j65,40,50,1
j66,65,50,1
j67,32,50,1
j68,36,50,1
j69,82,50,1
j70,56,50,1
j71,52,50,1
j72,42,50,1
j73,46,50,1
j74,56,50,1
j75,58,50,1
j76,48,50,1
j77,40,50,1
j78,70,50,1
j79,59,50,1
j80,71,50,1
j81,40,50,1
j82,59,50,1
j83,36,50,1
j84,48,50,1
j85,58,50,1
j86,46,50,1
j87,50,50,1
j88,61,50,1
j89,66,50,1
j90,59,50,1
j91,50,50,1
j92,51,50,1
j93,56,50,1
j94,34,50,1
j95,51,50,1
j96,28,50,1
j97,40,50,1
j98,41,50,1
j99,38,50,1
j100,44,50,1
j101,59,50,1
j102,50,50,1
j103,38,50,1
j104,55,50,1
j105,65,50,1
j106,49,50,1
j107,60,50,1
j108,61,50,1
j109,57,50,1
j110,38,50,1
j111,63,50,1
j112,58,50,1
j113,64,50,1
j114,44,50,1
j115,35,50,1
j116,53,50,1
j117,44,50,1
j118,43,50,1
j119,72,50,1
j120,55,50,1
j121,50,50,1
j122,39,50,1
j123,57,50,1
j124,46,50,1
j125,77,50,1
j126,39,50,1
j127,41,50,1
j128,41,50,1
j129,43,50,1
j130,34,50,1
j131,42,50,1
j132,43,50,1
j133,56,50,1
j134,53,50,1
j135,39,50,1
j136,60,50,1
j137,40,50,1
j138,57,50,1
j139,45,50,1
j140,45,50,1
j141,54,50,1
j142,62,50,1
j143,47,50,1
j144,67,50,1
j145,49,50,1
j146,45,50,1
j147,33,50,1
j148,63,50,1
j149,56,50,1
j150,60,50,1
