job,m1Time,m2Time,bufferUsage
j1,25,25,1
j2,24,25,1
j3,33,25,1
j4,26,25,1
j5,17,25,1
j6,19,25,1
j7,24,25,1
j8,22,25,1
j9,33,25,1
j10,32,25,1
j11,7,25,1
j12,20,25,1
j13,31,25,1
j14,27,25,1
j15,16,25,1
j16,26,25,1
j17,28,25,1
j18,25,25,1
j19,25,25,1
j20,48,25,1
j21,21,25,1
j22,30,25,1
j23,25,25,1
j24,13,25,1
j25,44,25,1
j26,44,25,1
j27,15,25,1
j28,7,25,1
j29,32,25,1
j30,36,25,1
j31,28,25,1
j32,30,25,1
j33,22,25,1
j34,13,25,1
j35,36,25,1
j36,32,25,1
j37,28,25,1
j38,21,25,1
j39,42,25,1
j40,48,25,1
j41,33,25,1
j42,19,25,1
j43,47,25,1
j44,31,25,1
j45,26,25,1
j46,21,25,1
j47,24,25,1
j48,21,25,1
j49,23,25,1
j50,35,25,1
j51,21,25,1
j52,43,25,1
j53,39,25,1
j54,29,25,1
j55,17,25,1
j56,39,25,1
j57,2,25,1
j58,24,25,1
j59,30,25,1
j60,30,25,1
j61,28,25,1
j62,33,25,1
j63,35,25,1
j64,21,25,1
j65,23,25,1
j66,3,25,1
j67,18,25,1
j68,16,25,1
j69,1,25,1
j70,18,25,1
j71,48,25,1
j72,40,25,1
j73,24,25,1
j74,21,25,1
j75,23,25,1
j76,27,25,1
j77,29,25,1
j78,23,25,1
j79,38,25,1
j80,24,25,1
j81,13,25,1
j82,7,25,1
j83,42,25,1
j84,27,25,1
j85,26,25,1
j86,39,25,1
j87,3,25,1
j88,19,25,1
j89,25,25,1
j90,27,25,1
j91,11,25,1
j92,31,25,1
j93,28,25,1
j94,21,25,1
j95,18,25,1
j96,38,25,1
j97,27,25,1
j98,16,25,1
j99,22,25,1
j100,38,25,1
j101,38,25,1
j102,30,25,1
j103,6,25,1
j104,38,25,1
j105,31,25,1
j106,13,25,1
j107,18,25,1
j108,29,25,1
j109,5,25,1
j110,31,25,1
j111,36,25,1
j112,14,25,1
j113,17,25,1
j114,25,25,1
j115,20,25,1
j116,20,25,1
j117,19,25,1
j118,17,25,1
j119,27,25,1
j120,12,25,1
j121,29,25,1
j122,23,25,1
j123,38,25,1
j124,29,25,1
j125,41,25,1
j126,24,25,1
j127,36,25,1
j128,37,25,1
j129,16,25,1
j130,15,25,1
j131,38,25,1
j132,19,25,1
j133,26,25,1
j134,11,25,1
j135,29,25,1
j136,17,25,1
j137,34,25,1
j138,22,25,1
j139,24,25,1
j140,30,25,1
j141,41,25,1
j142,22,25,1
j143,28,25,1
j144,31,25,1
j145,36,25,1
j146,30,25,1
j147,36,25,1
j148,28,25,1
j149,45,25,1
j150,21,25,1
