job,m1Time,m2Time,bufferUsage
j1,28,25,1
j2,26,25,1
j3,18,25,1
j4,19,25,1
j5,40,25,1
j6,26,25,1
j7,35,25,1
j8,27,25,1
j9,15,25,1
j10,42,25,1
j11,29,25,1
j12,23,25,1
j13,15,25,1
j14,19,25,1
j15,21,25,1
j16,28,25,1
j17,31,25,1
j18,12,25,1
j19,21,25,1
j20,6,25,1
j21,16,25,1
j22,27,25,1
j23,32,25,1
j24,17,25,1
j25,23,25,1
j26,9,25,1
j27,9,25,1
j28,25,25,1
j29,27,25,1
j30,17,25,1
j31,17,25,1
j32,29,25,1
j33,22,25,1
j34,39,25,1
j35,28,25,1
j36,14,25,1
j37,12,25,1
j38,29,25,1
j39,23,25,1
j40,21,25,1
j41,2,25,1
j42,7,25,1
j43,18,25,1
j44,17,25,1
j45,24,25,1
j46,26,25,1
j47,17,25,1
j48,16,25,1
j49,30,25,1
j50,15,25,1
j51,31,25,1
j52,30,25,1
j53,22,25,1
j54,7,25,1
j55,39,25,1
j56,12,25,1
j57,29,25,1
j58,45,25,1
j59,14,25,1
j60,14,25,1
j61,35,25,1
j62,11,25,1
j63,22,25,1
j64,12,25,1
j65,41,25,1
j66,16,25,1
j67,37,25,1
j68,14,25,1
j69,24,25,1
j70,47,25,1
j71,34,25,1
j72,45,25,1
j73,23,25,1
j74,25,25,1
j75,23,25,1
j76,31,25,1
j77,31,25,1
j78,40,25,1
j79,30,25,1
j80,21,25,1
j81,19,25,1
j82,24,25,1
j83,23,25,1
j84,21,25,1
j85,21,25,1
j86,42,25,1
j87,19,25,1
j88,25,25,1
j89,33,25,1
j90,29,25,1
j91,13,25,1
j92,33,25,1
j93,35,25,1
j94,25,25,1
j95,17,25,1
j96,31,25,1
j97,30,25,1
j98,5,25,1
j99,15,25,1
j100,27,25,1
