job,m1Time,m2Time,bufferUsage
j1,21,25,1
j2,12,25,1
j3,11,25,1
j4,12,25,1
j5,7,25,1
j6,11,25,1
j7,27,25,1
j8,38,25,1
j9,39,25,1
j10,12,25,1
j11,30,25,1
j12,6,25,1
j13,20,25,1
j14,12,25,1
j15,16,25,1
j16,36,25,1
j17,48,25,1
j18,22,25,1
j19,1,25,1
j20,24,25,1
j21,8,25,1
j22,7,25,1
j23,17,25,1
j24,27,25,1
j25,46,25,1
j26,54,25,1
j27,15,25,1
j28,28,25,1
j29,28,25,1
j30,32,25,1
j31,30,25,1
j32,29,25,1
j33,23,25,1
j34,21,25,1
j35,23,25,1
j36,24,25,1
j37,10,25,1
j38,46,25,1
j39,19,25,1
j40,26,25,1
j41,33,25,1
j42,20,25,1
j43,37,25,1
j44,27,25,1
j45,4,25,1
j46,38,25,1
j47,22,25,1
j48,16,25,1
j49,30,25,1
j50,19,25,1
