job,m1Time,m2Time,bufferUsage
j1,63,75,63
j2,72,75,72
j3,100,75,100
j4,70,75,70
j5,79,75,79
j6,68,75,68
j7,75,75,75
j8,81,75,81
j9,72,75,72
j10,93,75,93
j11,75,75,75
j12,68,75,68
j13,63,75,63
j14,74,75,74
j15,82,75,82
j16,74,75,74
j17,73,75,73
j18,83,75,83
j19,80,75,80
j20,56,75,56
j21,83,75,83
j22,86,75,86
j23,93,75,93
j24,78,75,78
j25,75,75,75
j26,94,75,94
j27,63,75,63
j28,80,75,80
j29,80,75,80
j30,85,75,85
j31,87,75,87
j32,62,75,62
j33,77,75,77
j34,69,75,69
j35,75,75,75
j36,79,75,79
j37,72,75,72
j38,68,75,68
j39,95,75,95
j40,89,75,89
j41,73,75,73
j42,87,75,87
j43,86,75,86
j44,82,75,82
j45,59,75,59
j46,71,75,71
j47,86,75,86
j48,77,75,77
j49,71,75,71
j50,68,75,68
