job,m1Time,m2Time,bufferUsage
j1,87,75,1
j2,69,75,1
j3,67,75,1
j4,71,75,1
j5,100,75,1
j6,87,75,1
j7,69,75,1
j8,77,75,1
j9,65,75,1
j10,80,75,1
j11,73,75,1
j12,51,75,1
j13,78,75,1
j14,79,75,1
j15,76,75,1
j16,83,75,1
j17,74,75,1
j18,76,75,1
j19,87,75,1
j20,76,75,1
j21,61,75,1
j22,68,75,1
j23,73,75,1
j24,81,75,1
j25,74,75,1
j26,60,75,1
j27,66,75,1
j28,80,75,1
j29,72,75,1
j30,72,75,1
j31,64,75,1
j32,98,75,1
j33,82,75,1
j34,84,75,1
j35,90,75,1
j36,75,75,1
j37,66,75,1
j38,73,75,1
j39,81,75,1
j40,97,75,1
j41,74,75,1
j42,80,75,1
j43,92,75,1
j44,88,75,1
j45,73,75,1
j46,61,75,1
j47,86,75,1
j48,72,75,1
j49,65,75,1
j50,76,75,1
j51,53,75,1
j52,79,75,1
j53,77,75,1
j54,88,75,1
j55,74,75,1
j56,79,75,1
j57,75,75,1
j58,84,75,1
j59,64,75,1
j60,70,75,1
j61,83,75,1
j62,82,75,1
j63,82,75,1
j64,82,75,1
j65,72,75,1
j66,74,75,1
j67,68,75,1
j68,68,75,1
j69,86,75,1
j70,93,75,1
j71,70,75,1
j72,75,75,1
j73,74,75,1
j74,66,75,1
j75,86,75,1
j76,85,75,1
j77,66,75,1
j78,86,75,1
j79,71,75,1
j80,59,75,1
j81,74,75,1
j82,80,75,1
j83,81,75,1
j84,97,75,1
j85,72,75,1
j86,73,75,1
j87,80,75,1
j88,70,75,1
j89,97,75,1
j90,71,75,1
j91,80,75,1
j92,79,75,1
j93,75,75,1
j94,88,75,1
j95,59,75,1
j96,70,75,1
j97,78,75,1
j98,67,75,1
j99,81,75,1
j100,83,75,1
