job,m1Time,m2Time,bufferUsage
j1,48,50,48
j2,48,50,48
j3,58,50,58
j4,27,50,27
j5,59,50,59
j6,61,50,61
j7,59,50,59
j8,44,50,44
j9,42,50,42
j10,79,50,79
j11,78,50,78
j12,56,50,56
j13,58,50,58
j14,63,50,63
j15,49,50,49
j16,48,50,48
j17,49,50,49
j18,50,50,50
j19,54,50,54
j20,55,50,55
j21,45,50,45
j22,60,50,60
j23,69,50,69
j24,48,50,48
j25,56,50,56
j26,40,50,40
j27,44,50,44
j28,46,50,46
j29,53,50,53
j30,63,50,63
j31,58,50,58
j32,40,50,40
j33,53,50,53
j34,52,50,52
j35,46,50,46
j36,30,50,30
j37,53,50,53
j38,46,50,46
j39,55,50,55
j40,36,50,36
j41,55,50,55
j42,40,50,40
j43,31,50,31
j44,37,50,37
j45,38,50,38
j46,64,50,64
j47,48,50,48
j48,51,50,51
j49,36,50,36
j50,43,50,43
j51,67,50,67
j52,58,50,58
j53,37,50,37
j54,29,50,29
j55,46,50,46
j56,53,50,53
j57,48,50,48
j58,39,50,39
j59,34,50,34
j60,40,50,40
j61,41,50,41
j62,43,50,43
j63,40,50,40
j64,54,50,54
j65,47,50,47
j66,43,50,43
j67,41,50,41
j68,41,50,41
j69,49,50,49
j70,47,50,47
j71,44,50,44
j72,49,50,49
j73,40,50,40
j74,55,50,55
j75,37,50,37
j76,53,50,53
j77,42,50,42
j78,63,50,63
j79,52,50,52
j80,69,50,69
j81,61,50,61
j82,54,50,54
j83,52,50,52
j84,38,50,38
j85,55,50,55
j86,59,50,59
j87,44,50,44
j88,46,50,46
j89,53,50,53
j90,57,50,57
j91,71,50,71
j92,42,50,42
j93,57,50,57
j94,45,50,45
j95,28,50,28
j96,59,50,59
j97,57,50,57
j98,41,50,41
j99,47,50,47
j100,42,50,42
