job,m1Time,m2Time,bufferUsage
j1,75,75,75
j2,62,75,62
j3,75,75,75
j4,89,75,89
j5,97,75,97
j6,84,75,84
j7,88,75,88
j8,73,75,73
j9,58,75,58
j10,87,75,87
j11,81,75,81
j12,93,75,93
j13,103,75,103
j14,63,75,63
j15,78,75,78
j16,70,75,70
j17,89,75,89
j18,72,75,72
j19,73,75,73
j20,90,75,90
j21,75,75,75
j22,66,75,66
j23,71,75,71
j24,80,75,80
j25,70,75,70
j26,84,75,84
j27,86,75,86
j28,69,75,69
j29,68,75,68
j30,74,75,74
j31,78,75,78
j32,88,75,88
j33,69,75,69
j34,69,75,69
j35,53,75,53
j36,72,75,72
j37,76,75,76
j38,74,75,74
j39,94,75,94
j40,87,75,87
j41,74,75,74
j42,71,75,71
j43,76,75,76
j44,73,75,73
j45,78,75,78
j46,82,75,82
j47,72,75,72
j48,58,75,58
j49,90,75,90
j50,78,75,78
