job,m1Time,m2Time,bufferUsage
j1,49,50,1
j2,49,50,1
j3,44,50,1
j4,53,50,1
j5,57,50,1
j6,35,50,1
j7,61,50,1
j8,40,50,1
j9,45,50,1
j10,56,50,1
j11,46,50,1
j12,53,50,1
j13,34,50,1
j14,52,50,1
j15,48,50,1
j16,63,50,1
j17,49,50,1
j18,57,50,1
j19,52,50,1
j20,61,50,1
j21,43,50,1
j22,55,50,1
j23,44,50,1
j24,51,50,1
j25,46,50,1
j26,35,50,1
j27,61,50,1
j28,55,50,1
j29,45,50,1
j30,56,50,1
j31,41,50,1
j32,56,50,1
j33,47,50,1
j34,51,50,1
j35,45,50,1
j36,59,50,1
j37,33,50,1
j38,42,50,1
j39,44,50,1
j40,38,50,1
j41,64,50,1
j42,59,50,1
j43,53,50,1
j44,44,50,1
j45,66,50,1
j46,46,50,1
j47,43,50,1
j48,47,50,1
j49,56,50,1
j50,77,50,1
