job,m1Time,m2Time,bufferUsage
j1,46,50,46
j2,64,50,64
j3,51,50,51
j4,44,50,44
j5,58,50,58
j6,57,50,57
j7,53,50,53
j8,40,50,40
j9,31,50,31
j10,58,50,58
j11,55,50,55
j12,63,50,63
j13,41,50,41
j14,46,50,46
j15,39,50,39
j16,69,50,69
j17,55,50,55
j18,54,50,54
j19,35,50,35
j20,44,50,44
j21,45,50,45
j22,46,50,46
j23,68,50,68
j24,44,50,44
j25,45,50,45
j26,64,50,64
j27,52,50,52
j28,48,50,48
j29,37,50,37
j30,60,50,60
j31,52,50,52
j32,37,50,37
j33,37,50,37
j34,48,50,48
j35,48,50,48
j36,65,50,65
j37,64,50,64
j38,44,50,44
j39,50,50,50
j40,71,50,71
j41,63,50,63
j42,44,50,44
j43,64,50,64
j44,62,50,62
j45,65,50,65
j46,67,50,67
j47,57,50,57
j48,51,50,51
j49,48,50,48
j50,45,50,45
j51,19,50,19
j52,63,50,63
j53,39,50,39
j54,70,50,70
j55,55,50,55
j56,52,50,52
j57,39,50,39
j58,48,50,48
j59,56,50,56
j60,53,50,53
j61,55,50,55
j62,50,50,50
j63,42,50,42
j64,59,50,59
j65,40,50,40
j66,65,50,65
j67,32,50,32
j68,36,50,36
j69,82,50,82
j70,56,50,56
j71,52,50,52
j72,42,50,42
j73,46,50,46
j74,56,50,56
j75,58,50,58
j76,48,50,48
j77,40,50,40
j78,70,50,70
j79,59,50,59
j80,71,50,71
j81,40,50,40
j82,59,50,59
j83,36,50,36
j84,48,50,48
j85,58,50,58
j86,46,50,46
j87,50,50,50
j88,61,50,61
j89,66,50,66
j90,59,50,59
j91,50,50,50
j92,51,50,51
j93,56,50,56
j94,34,50,34
j95,51,50,51
j96,28,50,28
j97,40,50,40
j98,41,50,41
j99,38,50,38
j100,44,50,44
j101,59,50,59
j102,50,50,50
j103,38,50,38
j104,55,50,55
j105,65,50,65
j106,49,50,49
j107,60,50,60
j108,61,50,61
j109,57,50,57
j110,38,50,38
j111,63,50,63
j112,58,50,58
j113,64,50,64
j114,44,50,44
j115,35,50,35
j116,53,50,53
j117,44,50,44
j118,43,50,43
j119,72,50,72
j120,55,50,55
j121,50,50,50
j122,39,50,39
j123,57,50,57
j124,46,50,46
j125,77,50,77
j126,39,50,39
j127,41,50,41
j128,41,50,41
j129,43,50,43
j130,34,50,34
j131,42,50,42
j132,43,50,43
j133,56,50,56
j134,53,50,53
j135,39,50,39
j136,60,50,60
j137,40,50,40
j138,57,50,57
j139,45,50,45
j140,45,50,45
j141,54,50,54
j142,62,50,62
j143,47,50,47
j144,67,50,67
j145,49,50,49
j146,45,50,45
j147,33,50,33
j148,63,50,63
j149,56,50,56
j150,60,50,60
