job,m1Time,m2Time,bufferUsage
j1,37,25,37
j2,46,25,46
j3,23,25,23
j4,24,25,24
j5,12,25,12
j6,29,25,29
j7,15,25,15
j8,29,25,29
j9,30,25,30
j10,12,25,12
j11,21,25,21
j12,36,25,36
j13,12,25,12
j14,40,25,40
j15,17,25,17
j16,27,25,27
j17,26,25,26
j18,29,25,29
j19,6,25,6
j20,32,25,32
j21,38,25,38
j22,18,25,18
j23,14,25,14
j24,42,25,42
j25,25,25,25
j26,36,25,36
j27,30,25,30
j28,28,25,28
j29,20,25,20
j30,31,25,31
j31,40,25,40
j32,38,25,38
j33,13,25,13
j34,19,25,19
j35,24,25,24
j36,29,25,29
j37,15,25,15
j38,24,25,24
j39,28,25,28
j40,16,25,16
j41,25,25,25
j42,25,25,25
j43,31,25,31
j44,11,25,11
j45,22,25,22
j46,37,25,37
j47,21,25,21
j48,28,25,28
j49,34,25,34
j50,33,25,33
j51,28,25,28
j52,25,25,25
j53,30,25,30
j54,30,25,30
j55,22,25,22
j56,36,25,36
j57,29,25,29
j58,30,25,30
j59,25,25,25
j60,6,25,6
j61,30,25,30
j62,36,25,36
j63,21,25,21
j64,22,25,22
j65,32,25,32
j66,14,25,14
j67,18,25,18
j68,41,25,41
j69,26,25,26
j70,21,25,21
j71,28,25,28
j72,22,25,22
j73,22,25,22
j74,29,25,29
j75,18,25,18
j76,55,25,55
j77,40,25,40
j78,18,25,18
j79,20,25,20
j80,5,25,5
j81,47,25,47
j82,15,25,15
j83,38,25,38
j84,20,25,20
j85,28,25,28
j86,33,25,33
j87,7,25,7
j88,43,25,43
j89,23,25,23
j90,41,25,41
j91,30,25,30
j92,8,25,8
j93,32,25,32
j94,22,25,22
j95,26,25,26
j96,22,25,22
j97,27,25,27
j98,16,25,16
j99,43,25,43
j100,16,25,16
j101,26,25,26
j102,43,25,43
j103,39,25,39
j104,26,25,26
j105,10,25,10
j106,26,25,26
j107,21,25,21
j108,33,25,33
j109,35,25,35
j110,18,25,18
j111,28,25,28
j112,22,25,22
j113,49,25,49
j114,46,25,46
j115,31,25,31
j116,18,25,18
j117,36,25,36
j118,29,25,29
j119,21,25,21
j120,26,25,26
j121,40,25,40
j122,21,25,21
j123,22,25,22
j124,19,25,19
j125,25,25,25
j126,28,25,28
j127,30,25,30
j128,15,25,15
j129,8,25,8
j130,30,25,30
j131,46,25,46
j132,42,25,42
j133,19,25,19
j134,25,25,25
j135,36,25,36
j136,40,25,40
j137,23,25,23
j138,22,25,22
j139,24,25,24
j140,11,25,11
j141,31,25,31
j142,22,25,22
j143,29,25,29
j144,25,25,25
j145,51,25,51
j146,26,25,26
j147,23,25,23
j148,43,25,43
j149,33,25,33
j150,22,25,22
