job,m1Time,m2Time,bufferUsage
j1,48,50,48
j2,51,50,51
j3,47,50,47
j4,40,50,40
j5,50,50,50
j6,34,50,34
j7,60,50,60
j8,58,50,58
j9,45,50,45
j10,55,50,55
j11,32,50,32
j12,63,50,63
j13,43,50,43
j14,55,50,55
j15,32,50,32
j16,70,50,70
j17,61,50,61
j18,45,50,45
j19,52,50,52
j20,51,50,51
j21,43,50,43
j22,36,50,36
j23,43,50,43
j24,45,50,45
j25,68,50,68
j26,54,50,54
j27,39,50,39
j28,61,50,61
j29,43,50,43
j30,29,50,29
j31,66,50,66
j32,45,50,45
j33,46,50,46
j34,48,50,48
j35,58,50,58
j36,54,50,54
j37,61,50,61
j38,49,50,49
j39,67,50,67
j40,52,50,52
j41,42,50,42
j42,45,50,45
j43,47,50,47
j44,59,50,59
j45,51,50,51
j46,48,50,48
j47,47,50,47
j48,33,50,33
j49,53,50,53
j50,55,50,55
