job,m1Time,m2Time,bufferUsage
j1,76,75,1
j2,68,75,1
j3,77,75,1
j4,75,75,1
j5,76,75,1
j6,66,75,1
j7,58,75,1
j8,57,75,1
j9,95,75,1
j10,91,75,1
j11,94,75,1
j12,75,75,1
j13,80,75,1
j14,68,75,1
j15,84,75,1
j16,79,75,1
j17,78,75,1
j18,72,75,1
j19,71,75,1
j20,95,75,1
j21,83,75,1
j22,71,75,1
j23,86,75,1
j24,89,75,1
j25,91,75,1
j26,78,75,1
j27,60,75,1
j28,81,75,1
j29,82,75,1
j30,82,75,1
j31,63,75,1
j32,54,75,1
j33,71,75,1
j34,65,75,1
j35,72,75,1
j36,72,75,1
j37,74,75,1
j38,73,75,1
j39,76,75,1
j40,77,75,1
j41,64,75,1
j42,78,75,1
j43,76,75,1
j44,84,75,1
j45,81,75,1
j46,70,75,1
j47,82,75,1
j48,77,75,1
j49,76,75,1
j50,89,75,1
