job,m1Time,m2Time,bufferUsage
j1,52,50,1
j2,42,50,1
j3,51,50,1
j4,40,50,1
j5,45,50,1
j6,68,50,1
j7,53,50,1
j8,55,50,1
j9,48,50,1
j10,39,50,1
j11,43,50,1
j12,50,50,1
j13,62,50,1
j14,45,50,1
j15,42,50,1
j16,49,50,1
j17,64,50,1
j18,64,50,1
j19,35,50,1
j20,49,50,1
j21,29,50,1
j22,58,50,1
j23,38,50,1
j24,53,50,1
j25,37,50,1
j26,58,50,1
j27,51,50,1
j28,37,50,1
j29,38,50,1
j30,64,50,1
j31,61,50,1
j32,43,50,1
j33,41,50,1
j34,57,50,1
j35,50,50,1
j36,26,50,1
j37,57,50,1
j38,71,50,1
j39,60,50,1
j40,58,50,1
j41,45,50,1
j42,61,50,1
j43,59,50,1
j44,52,50,1
j45,59,50,1
j46,50,50,1
j47,36,50,1
j48,49,50,1
j49,36,50,1
j50,43,50,1
j51,53,50,1
j52,46,50,1
j53,48,50,1
j54,58,50,1
j55,56,50,1
j56,44,50,1
j57,45,50,1
j58,34,50,1
j59,53,50,1
j60,47,50,1
j61,46,50,1
j62,55,50,1
j63,60,50,1
j64,51,50,1
j65,42,50,1
j66,44,50,1
j67,46,50,1
j68,43,50,1
j69,40,50,1
j70,57,50,1
j71,53,50,1
j72,39,50,1
j73,54,50,1
j74,51,50,1
j75,52,50,1
j76,76,50,1
j77,38,50,1
j78,45,50,1
j79,40,50,1
j80,36,50,1
j81,58,50,1
j82,47,50,1
j83,50,50,1
j84,48,50,1
j85,54,50,1
j86,48,50,1
j87,52,50,1
j88,54,50,1
j89,43,50,1
j90,33,50,1
j91,55,50,1
j92,39,50,1
j93,43,50,1
j94,39,50,1
j95,63,50,1
j96,38,50,1
j97,39,50,1
j98,60,50,1
j99,60,50,1
j100,42,50,1
j101,58,50,1
j102,57,50,1
j103,32,50,1
j104,54,50,1
j105,56,50,1
j106,40,50,1
j107,56,50,1
j108,61,50,1
j109,51,50,1
j110,46,50,1
j111,65,50,1
j112,53,50,1
j113,48,50,1
j114,42,50,1
j115,43,50,1
j116,34,50,1
j117,57,50,1
j118,50,50,1
j119,40,50,1
j120,59,50,1
j121,66,50,1
j122,47,50,1
j123,40,50,1
j124,52,50,1
j125,52,50,1
j126,51,50,1
j127,54,50,1
j128,55,50,1
j129,36,50,1
j130,44,50,1
j131,65,50,1
j132,47,50,1
j133,49,50,1
j134,62,50,1
j135,50,50,1
j136,50,50,1
j137,64,50,1
j138,69,50,1
j139,57,50,1
j140,50,50,1
j141,58,50,1
j142,58,50,1
j143,50,50,1
j144,55,50,1
j145,53,50,1
j146,63,50,1
j147,57,50,1
j148,47,50,1
j149,47,50,1
j150,39,50,1
