job,m1Time,m2Time,bufferUsage
j1,63,75,1
j2,72,75,1
j3,100,75,1
j4,70,75,1
j5,79,75,1
j6,68,75,1
j7,75,75,1
j8,81,75,1
j9,72,75,1
j10,93,75,1
j11,75,75,1
j12,68,75,1
j13,63,75,1
j14,74,75,1
j15,82,75,1
j16,74,75,1
j17,73,75,1
j18,83,75,1
j19,80,75,1
j20,56,75,1
j21,83,75,1
j22,86,75,1
j23,93,75,1
j24,78,75,1
j25,75,75,1
j26,94,75,1
j27,63,75,1
j28,80,75,1
j29,80,75,1
j30,85,75,1
j31,87,75,1
j32,62,75,1
j33,77,75,1
j34,69,75,1
j35,75,75,1
j36,79,75,1
j37,72,75,1
j38,68,75,1
j39,95,75,1
j40,89,75,1
j41,73,75,1
j42,87,75,1
j43,86,75,1
j44,82,75,1
j45,59,75,1
j46,71,75,1
j47,86,75,1
j48,77,75,1
j49,71,75,1
j50,68,75,1
