job,m1Time,m2Time,bufferUsage
j1,95,75,1
j2,69,75,1
j3,72,75,1
j4,66,75,1
j5,53,75,1
j6,71,75,1
j7,77,75,1
j8,81,75,1
j9,66,75,1
j10,74,75,1
j11,60,75,1
j12,66,75,1
j13,76,75,1
j14,56,75,1
j15,82,75,1
j16,69,75,1
j17,79,75,1
j18,71,75,1
j19,88,75,1
j20,80,75,1
j21,72,75,1
j22,84,75,1
j23,66,75,1
j24,77,75,1
j25,82,75,1
j26,82,75,1
j27,62,75,1
j28,81,75,1
j29,73,75,1
j30,80,75,1
j31,75,75,1
j32,95,75,1
j33,72,75,1
j34,62,75,1
j35,83,75,1
j36,72,75,1
j37,71,75,1
j38,68,75,1
j39,70,75,1
j40,78,75,1
j41,54,75,1
j42,77,75,1
j43,60,75,1
j44,79,75,1
j45,82,75,1
j46,81,75,1
j47,73,75,1
j48,70,75,1
j49,82,75,1
j50,89,75,1
j51,64,75,1
j52,68,75,1
j53,69,75,1
j54,88,75,1
j55,78,75,1
j56,63,75,1
j57,100,75,1
j58,78,75,1
j59,69,75,1
j60,76,75,1
j61,61,75,1
j62,81,75,1
j63,74,75,1
j64,77,75,1
j65,72,75,1
j66,80,75,1
j67,81,75,1
j68,81,75,1
j69,102,75,1
j70,71,75,1
j71,79,75,1
j72,78,75,1
j73,87,75,1
j74,81,75,1
j75,80,75,1
j76,92,75,1
j77,70,75,1
j78,74,75,1
j79,70,75,1
j80,55,75,1
j81,68,75,1
j82,62,75,1
j83,72,75,1
j84,64,75,1
j85,80,75,1
j86,72,75,1
j87,88,75,1
j88,92,75,1
j89,70,75,1
j90,63,75,1
j91,77,75,1
j92,86,75,1
j93,70,75,1
j94,85,75,1
j95,82,75,1
j96,67,75,1
j97,70,75,1
j98,78,75,1
j99,67,75,1
j100,85,75,1
