job,m1Time,m2Time,bufferUsage
j1,80,75,1
j2,91,75,1
j3,64,75,1
j4,75,75,1
j5,64,75,1
j6,74,75,1
j7,70,75,1
j8,84,75,1
j9,78,75,1
j10,59,75,1
j11,75,75,1
j12,76,75,1
j13,69,75,1
j14,82,75,1
j15,70,75,1
j16,73,75,1
j17,60,75,1
j18,79,75,1
j19,62,75,1
j20,82,75,1
j21,66,75,1
j22,74,75,1
j23,71,75,1
j24,78,75,1
j25,57,75,1
j26,69,75,1
j27,68,75,1
j28,93,75,1
j29,77,75,1
j30,65,75,1
j31,66,75,1
j32,80,75,1
j33,75,75,1
j34,61,75,1
j35,78,75,1
j36,74,75,1
j37,77,75,1
j38,69,75,1
j39,68,75,1
j40,90,75,1
j41,86,75,1
j42,75,75,1
j43,69,75,1
j44,72,75,1
j45,68,75,1
j46,88,75,1
j47,64,75,1
j48,86,75,1
j49,80,75,1
j50,81,75,1
j51,72,75,1
j52,66,75,1
j53,72,75,1
j54,83,75,1
j55,80,75,1
j56,74,75,1
j57,80,75,1
j58,76,75,1
j59,81,75,1
j60,88,75,1
j61,74,75,1
j62,63,75,1
j63,77,75,1
j64,73,75,1
j65,76,75,1
j66,89,75,1
j67,89,75,1
j68,84,75,1
j69,72,75,1
j70,70,75,1
j71,76,75,1
j72,75,75,1
j73,77,75,1
j74,72,75,1
j75,87,75,1
j76,65,75,1
j77,82,75,1
j78,97,75,1
j79,78,75,1
j80,72,75,1
j81,64,75,1
j82,84,75,1
j83,77,75,1
j84,60,75,1
j85,80,75,1
j86,71,75,1
j87,73,75,1
j88,74,75,1
j89,96,75,1
j90,83,75,1
j91,69,75,1
j92,87,75,1
j93,110,75,1
j94,60,75,1
j95,71,75,1
j96,69,75,1
j97,92,75,1
j98,62,75,1
j99,77,75,1
j100,68,75,1
j101,80,75,1
j102,85,75,1
j103,83,75,1
j104,77,75,1
j105,76,75,1
j106,69,75,1
j107,77,75,1
j108,65,75,1
j109,73,75,1
j110,76,75,1
j111,85,75,1
j112,86,75,1
j113,59,75,1
j114,83,75,1
j115,77,75,1
j116,85,75,1
j117,70,75,1
j118,71,75,1
j119,75,75,1
j120,67,75,1
j121,83,75,1
j122,86,75,1
j123,70,75,1
j124,75,75,1
j125,77,75,1
j126,67,75,1
j127,54,75,1
j128,63,75,1
j129,74,75,1
j130,64,75,1
j131,64,75,1
j132,83,75,1
j133,75,75,1
j134,71,75,1
j135,73,75,1
j136,82,75,1
j137,76,75,1
j138,66,75,1
j139,71,75,1
j140,69,75,1
j141,71,75,1
j142,67,75,1
j143,80,75,1
j144,68,75,1
j145,69,75,1
j146,76,75,1
j147,58,75,1
j148,77,75,1
j149,75,75,1
j150,69,75,1
