job,m1Time,m2Time,bufferUsage
j1,28,25,28
j2,26,25,26
j3,18,25,18
j4,19,25,19
j5,40,25,40
j6,26,25,26
j7,35,25,35
j8,27,25,27
j9,15,25,15
j10,42,25,42
j11,29,25,29
j12,23,25,23
j13,15,25,15
j14,19,25,19
j15,21,25,21
j16,28,25,28
j17,31,25,31
j18,12,25,12
j19,21,25,21
j20,6,25,6
j21,16,25,16
j22,27,25,27
j23,32,25,32
j24,17,25,17
j25,23,25,23
j26,9,25,9
j27,9,25,9
j28,25,25,25
j29,27,25,27
j30,17,25,17
j31,17,25,17
j32,29,25,29
j33,22,25,22
j34,39,25,39
j35,28,25,28
j36,14,25,14
j37,12,25,12
j38,29,25,29
j39,23,25,23
j40,21,25,21
j41,2,25,2
j42,7,25,7
j43,18,25,18
j44,17,25,17
j45,24,25,24
j46,26,25,26
j47,17,25,17
j48,16,25,16
j49,30,25,30
j50,15,25,15
j51,31,25,31
j52,30,25,30
j53,22,25,22
j54,7,25,7
j55,39,25,39
j56,12,25,12
j57,29,25,29
j58,45,25,45
j59,14,25,14
j60,14,25,14
j61,35,25,35
j62,11,25,11
j63,22,25,22
j64,12,25,12
j65,41,25,41
j66,16,25,16
j67,37,25,37
j68,14,25,14
j69,24,25,24
j70,47,25,47
j71,34,25,34
j72,45,25,45
j73,23,25,23
j74,25,25,25
j75,23,25,23
j76,31,25,31
j77,31,25,31
j78,40,25,40
j79,30,25,30
j80,21,25,21
j81,19,25,19
j82,24,25,24
j83,23,25,23
j84,21,25,21
j85,21,25,21
j86,42,25,42
j87,19,25,19
j88,25,25,25
j89,33,25,33
j90,29,25,29
j91,13,25,13
j92,33,25,33
j93,35,25,35
j94,25,25,25
j95,17,25,17
j96,31,25,31
j97,30,25,30
j98,5,25,5
j99,15,25,15
j100,27,25,27
