job,m1Time,m2Time,bufferUsage
j1,32,25,32
j2,40,25,40
j3,32,25,32
j4,20,25,20
j5,15,25,15
j6,31,25,31
j7,37,25,37
j8,16,25,16
j9,39,25,39
j10,33,25,33
j11,24,25,24
j12,1,25,1
j13,6,25,6
j14,28,25,28
j15,42,25,42
j16,28,25,28
j17,20,25,20
j18,24,25,24
j19,31,25,31
j20,14,25,14
j21,28,25,28
j22,25,25,25
j23,25,25,25
j24,28,25,28
j25,42,25,42
j26,32,25,32
j27,28,25,28
j28,17,25,17
j29,38,25,38
j30,22,25,22
j31,35,25,35
j32,29,25,29
j33,19,25,19
j34,14,25,14
j35,14,25,14
j36,24,25,24
j37,22,25,22
j38,35,25,35
j39,8,25,8
j40,29,25,29
j41,54,25,54
j42,42,25,42
j43,11,25,11
j44,11,25,11
j45,36,25,36
j46,28,25,28
j47,43,25,43
j48,30,25,30
j49,25,25,25
j50,16,25,16
