job,m1Time,m2Time,bufferUsage
j1,71,75,71
j2,69,75,69
j3,91,75,91
j4,84,75,84
j5,71,75,71
j6,90,75,90
j7,62,75,62
j8,65,75,65
j9,95,75,95
j10,74,75,74
j11,89,75,89
j12,90,75,90
j13,81,75,81
j14,94,75,94
j15,77,75,77
j16,60,75,60
j17,59,75,59
j18,73,75,73
j19,78,75,78
j20,86,75,86
j21,60,75,60
j22,86,75,86
j23,77,75,77
j24,82,75,82
j25,59,75,59
j26,79,75,79
j27,90,75,90
j28,82,75,82
j29,79,75,79
j30,69,75,69
j31,69,75,69
j32,76,75,76
j33,74,75,74
j34,85,75,85
j35,91,75,91
j36,77,75,77
j37,74,75,74
j38,95,75,95
j39,78,75,78
j40,79,75,79
j41,49,75,49
j42,78,75,78
j43,74,75,74
j44,82,75,82
j45,65,75,65
j46,77,75,77
j47,76,75,76
j48,80,75,80
j49,66,75,66
j50,78,75,78
j51,93,75,93
j52,65,75,65
j53,69,75,69
j54,93,75,93
j55,61,75,61
j56,90,75,90
j57,68,75,68
j58,80,75,80
j59,73,75,73
j60,100,75,100
j61,75,75,75
j62,66,75,66
j63,72,75,72
j64,79,75,79
j65,97,75,97
j66,69,75,69
j67,101,75,101
j68,69,75,69
j69,85,75,85
j70,68,75,68
j71,80,75,80
j72,68,75,68
j73,68,75,68
j74,80,75,80
j75,62,75,62
j76,78,75,78
j77,78,75,78
j78,76,75,76
j79,92,75,92
j80,64,75,64
j81,66,75,66
j82,68,75,68
j83,66,75,66
j84,79,75,79
j85,81,75,81
j86,63,75,63
j87,83,75,83
j88,61,75,61
j89,71,75,71
j90,67,75,67
j91,67,75,67
j92,85,75,85
j93,86,75,86
j94,82,75,82
j95,81,75,81
j96,80,75,80
j97,54,75,54
j98,88,75,88
j99,93,75,93
j100,72,75,72
j101,75,75,75
j102,92,75,92
j103,88,75,88
j104,53,75,53
j105,58,75,58
j106,85,75,85
j107,65,75,65
j108,69,75,69
j109,90,75,90
j110,63,75,63
j111,58,75,58
j112,79,75,79
j113,66,75,66
j114,71,75,71
j115,61,75,61
j116,81,75,81
j117,78,75,78
j118,72,75,72
j119,83,75,83
j120,83,75,83
j121,87,75,87
j122,83,75,83
j123,74,75,74
j124,74,75,74
j125,71,75,71
j126,73,75,73
j127,92,75,92
j128,59,75,59
j129,78,75,78
j130,69,75,69
j131,70,75,70
j132,67,75,67
j133,85,75,85
j134,66,75,66
j135,84,75,84
j136,80,75,80
j137,78,75,78
j138,71,75,71
j139,80,75,80
j140,89,75,89
j141,69,75,69
j142,101,75,101
j143,57,75,57
j144,79,75,79
j145,95,75,95
j146,85,75,85
j147,83,75,83
j148,65,75,65
j149,70,75,70
j150,70,75,70
