job,m1Time,m2Time,bufferUsage
j1,69,50,69
j2,31,50,31
j3,41,50,41
j4,67,50,67
j5,67,50,67
j6,44,50,44
j7,65,50,65
j8,47,50,47
j9,52,50,52
j10,41,50,41
j11,63,50,63
j12,51,50,51
j13,33,50,33
j14,30,50,30
j15,45,50,45
j16,36,50,36
j17,45,50,45
j18,59,50,59
j19,57,50,57
j20,42,50,42
j21,62,50,62
j22,60,50,60
j23,34,50,34
j24,37,50,37
j25,73,50,73
j26,43,50,43
j27,43,50,43
j28,48,50,48
j29,42,50,42
j30,46,50,46
j31,40,50,40
j32,45,50,45
j33,40,50,40
j34,42,50,42
j35,44,50,44
j36,61,50,61
j37,45,50,45
j38,64,50,64
j39,30,50,30
j40,54,50,54
j41,47,50,47
j42,62,50,62
j43,63,50,63
j44,54,50,54
j45,81,50,81
j46,57,50,57
j47,56,50,56
j48,80,50,80
j49,42,50,42
j50,71,50,71
j51,49,50,49
j52,66,50,66
j53,44,50,44
j54,66,50,66
j55,24,50,24
j56,40,50,40
j57,39,50,39
j58,36,50,36
j59,57,50,57
j60,55,50,55
j61,56,50,56
j62,48,50,48
j63,27,50,27
j64,52,50,52
j65,38,50,38
j66,41,50,41
j67,38,50,38
j68,67,50,67
j69,67,50,67
j70,58,50,58
j71,57,50,57
j72,41,50,41
j73,50,50,50
j74,49,50,49
j75,60,50,60
j76,47,50,47
j77,24,50,24
j78,59,50,59
j79,37,50,37
j80,56,50,56
j81,52,50,52
j82,50,50,50
j83,42,50,42
j84,47,50,47
j85,50,50,50
j86,57,50,57
j87,41,50,41
j88,43,50,43
j89,71,50,71
j90,43,50,43
j91,33,50,33
j92,62,50,62
j93,40,50,40
j94,40,50,40
j95,47,50,47
j96,48,50,48
j97,33,50,33
j98,42,50,42
j99,48,50,48
j100,56,50,56
