job,m1Time,m2Time,bufferUsage
j1,31,25,31
j2,28,25,28
j3,44,25,44
j4,35,25,35
j5,41,25,41
j6,23,25,23
j7,25,25,25
j8,30,25,30
j9,21,25,21
j10,25,25,25
j11,24,25,24
j12,12,25,12
j13,8,25,8
j14,35,25,35
j15,19,25,19
j16,17,25,17
j17,41,25,41
j18,10,25,10
j19,22,25,22
j20,17,25,17
j21,1,25,1
j22,26,25,26
j23,20,25,20
j24,21,25,21
j25,36,25,36
j26,18,25,18
j27,38,25,38
j28,29,25,29
j29,25,25,25
j30,17,25,17
j31,21,25,21
j32,25,25,25
j33,27,25,27
j34,23,25,23
j35,29,25,29
j36,31,25,31
j37,10,25,10
j38,24,25,24
j39,25,25,25
j40,34,25,34
j41,20,25,20
j42,15,25,15
j43,28,25,28
j44,24,25,24
j45,30,25,30
j46,12,25,12
j47,20,25,20
j48,31,25,31
j49,12,25,12
j50,25,25,25
j51,21,25,21
j52,7,25,7
j53,19,25,19
j54,23,25,23
j55,28,25,28
j56,20,25,20
j57,13,25,13
j58,7,25,7
j59,35,25,35
j60,23,25,23
j61,30,25,30
j62,10,25,10
j63,13,25,13
j64,20,25,20
j65,43,25,43
j66,9,25,9
j67,27,25,27
j68,33,25,33
j69,24,25,24
j70,14,25,14
j71,28,25,28
j72,16,25,16
j73,14,25,14
j74,32,25,32
j75,16,25,16
j76,29,25,29
j77,41,25,41
j78,17,25,17
j79,29,25,29
j80,9,25,9
j81,21,25,21
j82,28,25,28
j83,40,25,40
j84,25,25,25
j85,23,25,23
j86,27,25,27
j87,29,25,29
j88,24,25,24
j89,12,25,12
j90,41,25,41
j91,31,25,31
j92,31,25,31
j93,25,25,25
j94,23,25,23
j95,46,25,46
j96,12,25,12
j97,8,25,8
j98,32,25,32
j99,18,25,18
j100,22,25,22
j101,27,25,27
j102,12,25,12
j103,11,25,11
j104,16,25,16
j105,20,25,20
j106,6,25,6
j107,19,25,19
j108,12,25,12
j109,11,25,11
j110,32,25,32
j111,19,25,19
j112,28,25,28
j113,27,25,27
j114,33,25,33
j115,26,25,26
j116,31,25,31
j117,19,25,19
j118,26,25,26
j119,28,25,28
j120,26,25,26
j121,28,25,28
j122,28,25,28
j123,39,25,39
j124,19,25,19
j125,36,25,36
j126,1,25,1
j127,36,25,36
j128,38,25,38
j129,52,25,52
j130,33,25,33
j131,40,25,40
j132,39,25,39
j133,41,25,41
j134,36,25,36
j135,45,25,45
j136,37,25,37
j137,44,25,44
j138,24,25,24
j139,27,25,27
j140,13,25,13
j141,21,25,21
j142,41,25,41
j143,28,25,28
j144,35,25,35
j145,25,25,25
j146,40,25,40
j147,21,25,21
j148,30,25,30
j149,25,25,25
j150,28,25,28
