job,m1Time,m2Time,bufferUsage
j1,52,50,52
j2,42,50,42
j3,51,50,51
j4,40,50,40
j5,45,50,45
j6,68,50,68
j7,53,50,53
j8,55,50,55
j9,48,50,48
j10,39,50,39
j11,43,50,43
j12,50,50,50
j13,62,50,62
j14,45,50,45
j15,42,50,42
j16,49,50,49
j17,64,50,64
j18,64,50,64
j19,35,50,35
j20,49,50,49
j21,29,50,29
j22,58,50,58
j23,38,50,38
j24,53,50,53
j25,37,50,37
j26,58,50,58
j27,51,50,51
j28,37,50,37
j29,38,50,38
j30,64,50,64
j31,61,50,61
j32,43,50,43
j33,41,50,41
j34,57,50,57
j35,50,50,50
j36,26,50,26
j37,57,50,57
j38,71,50,71
j39,60,50,60
j40,58,50,58
j41,45,50,45
j42,61,50,61
j43,59,50,59
j44,52,50,52
j45,59,50,59
j46,50,50,50
j47,36,50,36
j48,49,50,49
j49,36,50,36
j50,43,50,43
j51,53,50,53
j52,46,50,46
j53,48,50,48
j54,58,50,58
j55,56,50,56
j56,44,50,44
j57,45,50,45
j58,34,50,34
j59,53,50,53
j60,47,50,47
j61,46,50,46
j62,55,50,55
j63,60,50,60
j64,51,50,51
j65,42,50,42
j66,44,50,44
j67,46,50,46
j68,43,50,43
j69,40,50,40
j70,57,50,57
j71,53,50,53
j72,39,50,39
j73,54,50,54
j74,51,50,51
j75,52,50,52
j76,76,50,76
j77,38,50,38
j78,45,50,45
j79,40,50,40
j80,36,50,36
j81,58,50,58
j82,47,50,47
j83,50,50,50
j84,48,50,48
j85,54,50,54
j86,48,50,48
j87,52,50,52
j88,54,50,54
j89,43,50,43
j90,33,50,33
j91,55,50,55
j92,39,50,39
j93,43,50,43
j94,39,50,39
j95,63,50,63
j96,38,50,38
j97,39,50,39
j98,60,50,60
j99,60,50,60
j100,42,50,42
j101,58,50,58
j102,57,50,57
j103,32,50,32
j104,54,50,54
j105,56,50,56
j106,40,50,40
j107,56,50,56
j108,61,50,61
j109,51,50,51
j110,46,50,46
j111,65,50,65
j112,53,50,53
j113,48,50,48
j114,42,50,42
j115,43,50,43
j116,34,50,34
j117,57,50,57
j118,50,50,50
j119,40,50,40
j120,59,50,59
j121,66,50,66
j122,47,50,47
j123,40,50,40
j124,52,50,52
j125,52,50,52
j126,51,50,51
j127,54,50,54
j128,55,50,55
j129,36,50,36
j130,44,50,44
j131,65,50,65
j132,47,50,47
j133,49,50,49
j134,62,50,62
j135,50,50,50
j136,50,50,50
j137,64,50,64
j138,69,50,69
j139,57,50,57
j140,50,50,50
j141,58,50,58
j142,58,50,58
j143,50,50,50
j144,55,50,55
j145,53,50,53
j146,63,50,63
j147,57,50,57
j148,47,50,47
j149,47,50,47
j150,39,50,39
