job,m1Time,m2Time,bufferUsage
j1,50,50,50
j2,66,50,66
j3,36,50,36
j4,50,50,50
j5,41,50,41
j6,51,50,51
j7,49,50,49
j8,55,50,55
j9,61,50,61
j10,52,50,52
j11,29,50,29
j12,41,50,41
j13,50,50,50
j14,41,50,41
j15,32,50,32
j16,57,50,57
j17,38,50,38
j18,45,50,45
j19,50,50,50
j20,46,50,46
j21,45,50,45
j22,35,50,35
j23,66,50,66
j24,45,50,45
j25,40,50,40
j26,46,50,46
j27,45,50,45
j28,45,50,45
j29,63,50,63
j30,50,50,50
j31,72,50,72
j32,50,50,50
j33,58,50,58
j34,47,50,47
j35,39,50,39
j36,46,50,46
j37,50,50,50
j38,64,50,64
j39,44,50,44
j40,45,50,45
j41,61,50,61
j42,44,50,44
j43,53,50,53
j44,45,50,45
j45,42,50,42
j46,63,50,63
j47,52,50,52
j48,59,50,59
j49,59,50,59
j50,52,50,52
j51,50,50,50
j52,55,50,55
j53,52,50,52
j54,48,50,48
j55,43,50,43
j56,53,50,53
j57,63,50,63
j58,37,50,37
j59,59,50,59
j60,50,50,50
j61,48,50,48
j62,48,50,48
j63,40,50,40
j64,42,50,42
j65,43,50,43
j66,56,50,56
j67,36,50,36
j68,42,50,42
j69,40,50,40
j70,36,50,36
j71,43,50,43
j72,34,50,34
j73,52,50,52
j74,61,50,61
j75,43,50,43
j76,60,50,60
j77,54,50,54
j78,52,50,52
j79,45,50,45
j80,45,50,45
j81,57,50,57
j82,37,50,37
j83,63,50,63
j84,49,50,49
j85,61,50,61
j86,63,50,63
j87,56,50,56
j88,47,50,47
j89,50,50,50
j90,58,50,58
j91,50,50,50
j92,35,50,35
j93,39,50,39
j94,62,50,62
j95,54,50,54
j96,53,50,53
j97,45,50,45
j98,55,50,55
j99,42,50,42
j100,52,50,52
