job,m1Time,m2Time,bufferUsage
j1,25,25,25
j2,24,25,24
j3,33,25,33
j4,26,25,26
j5,17,25,17
j6,19,25,19
j7,24,25,24
j8,22,25,22
j9,33,25,33
j10,32,25,32
j11,7,25,7
j12,20,25,20
j13,31,25,31
j14,27,25,27
j15,16,25,16
j16,26,25,26
j17,28,25,28
j18,25,25,25
j19,25,25,25
j20,48,25,48
j21,21,25,21
j22,30,25,30
j23,25,25,25
j24,13,25,13
j25,44,25,44
j26,44,25,44
j27,15,25,15
j28,7,25,7
j29,32,25,32
j30,36,25,36
j31,28,25,28
j32,30,25,30
j33,22,25,22
j34,13,25,13
j35,36,25,36
j36,32,25,32
j37,28,25,28
j38,21,25,21
j39,42,25,42
j40,48,25,48
j41,33,25,33
j42,19,25,19
j43,47,25,47
j44,31,25,31
j45,26,25,26
j46,21,25,21
j47,24,25,24
j48,21,25,21
j49,23,25,23
j50,35,25,35
j51,21,25,21
j52,43,25,43
j53,39,25,39
j54,29,25,29
j55,17,25,17
j56,39,25,39
j57,2,25,2
j58,24,25,24
j59,30,25,30
j60,30,25,30
j61,28,25,28
j62,33,25,33
j63,35,25,35
j64,21,25,21
j65,23,25,23
j66,3,25,3
j67,18,25,18
j68,16,25,16
j69,1,25,1
j70,18,25,18
j71,48,25,48
j72,40,25,40
j73,24,25,24
j74,21,25,21
j75,23,25,23
j76,27,25,27
j77,29,25,29
j78,23,25,23
j79,38,25,38
j80,24,25,24
j81,13,25,13
j82,7,25,7
j83,42,25,42
j84,27,25,27
j85,26,25,26
j86,39,25,39
j87,3,25,3
j88,19,25,19
j89,25,25,25
j90,27,25,27
j91,11,25,11
j92,31,25,31
j93,28,25,28
j94,21,25,21
j95,18,25,18
j96,38,25,38
j97,27,25,27
j98,16,25,16
j99,22,25,22
j100,38,25,38
j101,38,25,38
j102,30,25,30
j103,6,25,6
j104,38,25,38
j105,31,25,31
j106,13,25,13
j107,18,25,18
j108,29,25,29
j109,5,25,5
j110,31,25,31
j111,36,25,36
j112,14,25,14
j113,17,25,17
j114,25,25,25
j115,20,25,20
j116,20,25,20
j117,19,25,19
j118,17,25,17
j119,27,25,27
j120,12,25,12
j121,29,25,29
j122,23,25,23
j123,38,25,38
j124,29,25,29
j125,41,25,41
j126,24,25,24
j127,36,25,36
j128,37,25,37
j129,16,25,16
j130,15,25,15
j131,38,25,38
j132,19,25,19
j133,26,25,26
j134,11,25,11
j135,29,25,29
j136,17,25,17
j137,34,25,34
j138,22,25,22
j139,24,25,24
j140,30,25,30
j141,41,25,41
j142,22,25,22
j143,28,25,28
j144,31,25,31
j145,36,25,36
j146,30,25,30
j147,36,25,36
j148,28,25,28
j149,45,25,45
j150,21,25,21
