job,m1Time,m2Time,bufferUsage
j1,49,50,49
j2,49,50,49
j3,44,50,44
j4,53,50,53
j5,57,50,57
j6,35,50,35
j7,61,50,61
j8,40,50,40
j9,45,50,45
j10,56,50,56
j11,46,50,46
j12,53,50,53
j13,34,50,34
j14,52,50,52
j15,48,50,48
j16,63,50,63
j17,49,50,49
j18,57,50,57
j19,52,50,52
j20,61,50,61
j21,43,50,43
j22,55,50,55
j23,44,50,44
j24,51,50,51
j25,46,50,46
j26,35,50,35
j27,61,50,61
j28,55,50,55
j29,45,50,45
j30,56,50,56
j31,41,50,41
j32,56,50,56
j33,47,50,47
j34,51,50,51
j35,45,50,45
j36,59,50,59
j37,33,50,33
j38,42,50,42
j39,44,50,44
j40,38,50,38
j41,64,50,64
j42,59,50,59
j43,53,50,53
j44,44,50,44
j45,66,50,66
j46,46,50,46
j47,43,50,43
j48,47,50,47
j49,56,50,56
j50,77,50,77
