job,m1Time,m2Time,bufferUsage
j1,59,50,59
j2,43,50,43
j3,44,50,44
j4,31,50,31
j5,32,50,32
j6,53,50,53
j7,58,50,58
j8,56,50,56
j9,44,50,44
j10,58,50,58
j11,60,50,60
j12,68,50,68
j13,50,50,50
j14,37,50,37
j15,64,50,64
j16,41,50,41
j17,49,50,49
j18,53,50,53
j19,48,50,48
j20,38,50,38
j21,42,50,42
j22,43,50,43
j23,49,50,49
j24,61,50,61
j25,45,50,45
j26,57,50,57
j27,48,50,48
j28,42,50,42
j29,52,50,52
j30,35,50,35
j31,61,50,61
j32,24,50,24
j33,49,50,49
j34,57,50,57
j35,49,50,49
j36,68,50,68
j37,57,50,57
j38,58,50,58
j39,35,50,35
j40,46,50,46
j41,58,50,58
j42,49,50,49
j43,48,50,48
j44,53,50,53
j45,50,50,50
j46,46,50,46
j47,40,50,40
j48,57,50,57
j49,40,50,40
j50,34,50,34
