job,m1Time,m2Time,bufferUsage
j1,57,75,57
j2,85,75,85
j3,62,75,62
j4,70,75,70
j5,75,75,75
j6,90,75,90
j7,64,75,64
j8,110,75,110
j9,80,75,80
j10,82,75,82
j11,71,75,71
j12,80,75,80
j13,83,75,83
j14,71,75,71
j15,76,75,76
j16,74,75,74
j17,88,75,88
j18,72,75,72
j19,82,75,82
j20,77,75,77
j21,57,75,57
j22,67,75,67
j23,70,75,70
j24,70,75,70
j25,81,75,81
j26,66,75,66
j27,75,75,75
j28,95,75,95
j29,70,75,70
j30,66,75,66
j31,93,75,93
j32,65,75,65
j33,85,75,85
j34,80,75,80
j35,68,75,68
j36,95,75,95
j37,75,75,75
j38,69,75,69
j39,80,75,80
j40,80,75,80
j41,69,75,69
j42,75,75,75
j43,50,75,50
j44,74,75,74
j45,65,75,65
j46,72,75,72
j47,72,75,72
j48,74,75,74
j49,74,75,74
j50,89,75,89
j51,56,75,56
j52,61,75,61
j53,55,75,55
j54,78,75,78
j55,74,75,74
j56,92,75,92
j57,67,75,67
j58,74,75,74
j59,83,75,83
j60,71,75,71
j61,79,75,79
j62,76,75,76
j63,94,75,94
j64,75,75,75
j65,76,75,76
j66,59,75,59
j67,65,75,65
j68,76,75,76
j69,77,75,77
j70,69,75,69
j71,91,75,91
j72,67,75,67
j73,66,75,66
j74,71,75,71
j75,98,75,98
j76,92,75,92
j77,79,75,79
j78,71,75,71
j79,79,75,79
j80,56,75,56
j81,64,75,64
j82,80,75,80
j83,77,75,77
j84,65,75,65
j85,66,75,66
j86,72,75,72
j87,62,75,62
j88,72,75,72
j89,83,75,83
j90,75,75,75
j91,75,75,75
j92,90,75,90
j93,81,75,81
j94,68,75,68
j95,83,75,83
j96,56,75,56
j97,66,75,66
j98,62,75,62
j99,85,75,85
j100,72,75,72
