job,m1Time,m2Time,bufferUsage,dueTime
j1,87,76,87,1464
j2,98,76,98,7879
j3,11,76,11,10633
j4,33,76,33,123
j5,55,76,55,10557
j6,24,76,24,7243
j7,56,76,56,10620
j8,87,76,87,4885
j9,61,76,61,7275
j10,54,76,54,6842
j11,8,76,8,7201
j12,74,76,74,4901
j13,73,76,73,9154
j14,78,76,78,7322
j15,54,76,54,3945
j16,90,76,90,7227
j17,100,76,100,2750
j18,32,76,32,651
j19,80,76,80,6353
j20,58,76,58,5176
j21,55,76,55,9382
j22,32,76,32,909
j23,26,76,26,4471
j24,55,76,55,4870
j25,51,76,51,6744
j26,16,76,16,7658
j27,17,76,17,1286
j28,51,76,51,67
j29,4,76,4,3152
j30,85,76,85,5952
j31,14,76,14,158
j32,16,76,16,9217
j33,2,76,2,955
j34,55,76,55,6488
j35,48,76,48,6374
j36,39,76,39,7991
j37,56,76,56,1958
j38,3,76,3,2172
j39,37,76,37,2737
j40,28,76,28,6461
j41,23,76,23,5672
j42,32,76,32,5737
j43,42,76,42,1520
j44,67,76,67,5977
j45,42,76,42,9184
j46,26,76,26,2435
j47,96,76,96,10300
j48,91,76,91,5646
j49,91,76,91,726
j50,88,76,88,9462
j51,31,76,31,2678
j52,61,76,61,3117
j53,99,76,99,11376
j54,7,76,7,3483
j55,30,76,30,2689
j56,56,76,56,9856
j57,64,76,64,4227
j58,50,76,50,6152
j59,39,76,39,5341
j60,2,76,2,8029
j61,7,76,7,7387
j62,85,76,85,8794
j63,77,76,77,3185
j64,46,76,46,5008
j65,82,76,82,8317
j66,52,76,52,257
j67,87,76,87,6775
j68,12,76,12,7497
j69,72,76,72,4868
j70,45,76,45,6228
j71,86,76,86,9089
j72,26,76,26,8653
j73,33,76,33,3391
j74,11,76,11,6165
j75,86,76,86,8853
j76,97,76,97,9929
j77,94,76,94,6913
j78,24,76,24,1595
j79,94,76,94,860
j80,42,76,42,9189
j81,100,76,100,5755
j82,45,76,45,9012
j83,91,76,91,8022
j84,67,76,67,11401
j85,45,76,45,1683
j86,24,76,24,6684
j87,90,76,90,8886
j88,29,76,29,2628
j89,33,76,33,5275
j90,72,76,72,5094
j91,97,76,97,4664
j92,22,76,22,6373
j93,92,76,92,3624
j94,65,76,65,9861
j95,18,76,18,1504
j96,27,76,27,10643
j97,59,76,59,169
j98,10,76,10,9302
j99,53,76,53,11171
j100,92,76,92,5529
j101,58,76,58,1315
j102,15,76,15,4982
j103,88,76,88,11313
j104,8,76,8,4303
j105,54,76,54,6371
j106,19,76,19,380
j107,76,76,76,4643
j108,19,76,19,6064
j109,53,76,53,208
j110,87,76,87,9351
j111,78,76,78,10395
j112,83,76,83,5409
j113,54,76,54,9779
j114,14,76,14,1536
j115,26,76,26,3066
j116,25,76,25,4928
j117,39,76,39,9356
j118,88,76,88,7145
j119,72,76,72,1588
j120,90,76,90,10218
j121,38,76,38,3954
j122,3,76,3,1129
j123,87,76,87,2977
j124,50,76,50,11015
j125,37,76,37,3261
j126,9,76,9,9848
j127,46,76,46,5007
j128,41,76,41,5042
j129,40,76,40,10856
j130,7,76,7,10968
j131,26,76,26,8219
j132,3,76,3,927
j133,51,76,51,7233
j134,55,76,55,6292
j135,42,76,42,6958
j136,5,76,5,4647
j137,52,76,52,8
j138,33,76,33,11323
j139,47,76,47,7672
j140,90,76,90,1050
j141,25,76,25,2764
j142,57,76,57,9256
j143,17,76,17,3760
j144,25,76,25,2790
j145,66,76,66,2081
j146,54,76,54,338
j147,46,76,46,2191
j148,20,76,20,10831
j149,88,76,88,5331
j150,34,76,34,7073
