job,m1Time,m2Time,bufferUsage,dueTime
j1,74,78,74,79
j2,92,78,92,3651
j3,71,78,71,2722
j4,56,78,56,2153
j5,19,78,19,3615
j6,51,78,51,3625
j7,99,78,99,3814
j8,41,78,41,291
j9,43,78,43,1093
j10,78,78,78,570
j11,33,78,33,3720
j12,4,78,4,29
j13,76,78,76,3817
j14,47,78,47,2597
j15,30,78,30,200
j16,93,78,93,42
j17,27,78,27,2917
j18,37,78,37,1269
j19,98,78,98,2217
j20,93,78,93,1946
j21,66,78,66,3787
j22,71,78,71,335
j23,51,78,51,1842
j24,49,78,49,704
j25,99,78,99,2166
j26,63,78,63,1636
j27,31,78,31,3479
j28,99,78,99,1038
j29,24,78,24,1847
j30,73,78,73,2471
j31,65,78,65,106
j32,39,78,39,1461
j33,78,78,78,2483
j34,12,78,12,651
j35,1,78,1,3638
j36,5,78,5,3731
j37,48,78,48,1404
j38,60,78,60,696
j39,70,78,70,1746
j40,89,78,89,3460
j41,89,78,89,3258
j42,57,78,57,372
j43,42,78,42,286
j44,82,78,82,3112
j45,55,78,55,934
j46,43,78,43,52
j47,59,78,59,548
j48,80,78,80,823
j49,74,78,74,3267
j50,1,78,1,1393
