job,m1Time,m2Time,bufferUsage,dueTime
j1,50,74,1,2949
j2,90,74,1,1141
j3,28,74,1,937
j4,74,74,1,2193
j5,59,74,1,1276
j6,65,74,1,3233
j7,91,74,1,897
j8,12,74,1,769
j9,41,74,1,1463
j10,90,74,1,2477
j11,55,74,1,3527
j12,56,74,1,1066
j13,44,74,1,1399
j14,38,74,1,2747
j15,21,74,1,2911
j16,55,74,1,922
j17,68,74,1,2542
j18,22,74,1,2855
j19,25,74,1,1099
j20,14,74,1,2646
j21,55,74,1,3553
j22,6,74,1,2573
j23,83,74,1,2679
j24,10,74,1,286
j25,47,74,1,2042
j26,51,74,1,720
j27,82,74,1,2421
j28,83,74,1,870
j29,15,74,1,3601
j30,28,74,1,3321
j31,9,74,1,2211
j32,21,74,1,2906
j33,61,74,1,3408
j34,3,74,1,127
j35,23,74,1,1097
j36,60,74,1,3279
j37,40,74,1,950
j38,74,74,1,1863
j39,83,74,1,3435
j40,28,74,1,1809
j41,87,74,1,3227
j42,7,74,1,770
j43,86,74,1,2161
j44,62,74,1,1660
j45,53,74,1,2259
j46,32,74,1,2792
j47,69,74,1,411
j48,95,74,1,1370
j49,98,74,1,117
j50,88,74,1,1399
