job,m1Time,m2Time,bufferUsage,dueTime
j1,73,76,73,7436
j2,54,76,54,6399
j3,36,76,36,6768
j4,24,76,24,6317
j5,48,76,48,119
j6,32,76,32,7560
j7,77,76,77,1645
j8,50,76,50,1882
j9,14,76,14,5843
j10,33,76,33,2794
j11,45,76,45,6055
j12,17,76,17,2343
j13,43,76,43,1925
j14,52,76,52,4503
j15,92,76,92,2619
j16,80,76,80,6639
j17,17,76,17,1841
j18,38,76,38,1578
j19,47,76,47,3003
j20,27,76,27,5085
j21,7,76,7,7242
j22,64,76,64,2188
j23,94,76,94,2872
j24,2,76,2,5641
j25,62,76,62,5977
j26,29,76,29,1894
j27,95,76,95,5220
j28,92,76,92,5863
j29,96,76,96,2256
j30,8,76,8,5434
j31,88,76,88,7295
j32,95,76,95,5283
j33,99,76,99,5500
j34,91,76,91,587
j35,69,76,69,4192
j36,97,76,97,1477
j37,15,76,15,4970
j38,62,76,62,1786
j39,68,76,68,7394
j40,91,76,91,6819
j41,30,76,30,4540
j42,17,76,17,5967
j43,41,76,41,6998
j44,57,76,57,261
j45,87,76,87,2252
j46,39,76,39,6732
j47,4,76,4,1950
j48,41,76,41,3825
j49,52,76,52,7054
j50,30,76,30,3715
j51,53,76,53,6627
j52,37,76,37,1582
j53,91,76,91,4436
j54,95,76,95,3408
j55,35,76,35,4638
j56,41,76,41,5734
j57,68,76,68,844
j58,95,76,95,2813
j59,29,76,29,241
j60,48,76,48,2873
j61,83,76,83,1818
j62,7,76,7,483
j63,92,76,92,3324
j64,53,76,53,5341
j65,91,76,91,2822
j66,59,76,59,6217
j67,55,76,55,7331
j68,61,76,61,195
j69,71,76,71,3485
j70,83,76,83,2844
j71,20,76,20,6341
j72,29,76,29,3570
j73,57,76,57,5702
j74,31,76,31,3305
j75,51,76,51,339
j76,34,76,34,588
j77,81,76,81,1433
j78,75,76,75,5619
j79,97,76,97,5135
j80,55,76,55,6843
j81,62,76,62,5468
j82,57,76,57,2038
j83,41,76,41,260
j84,71,76,71,2035
j85,7,76,7,7469
j86,76,76,76,6542
j87,91,76,91,3056
j88,60,76,60,2582
j89,53,76,53,3280
j90,6,76,6,4371
j91,22,76,22,463
j92,2,76,2,2903
j93,4,76,4,1868
j94,53,76,53,6169
j95,51,76,51,6646
j96,60,76,60,4498
j97,23,76,23,6715
j98,17,76,17,7536
j99,34,76,34,2207
j100,6,76,6,9
