job,m1Time,m2Time,bufferUsage,dueTime
j1,96,28,96,3596
j2,86,28,86,4478
j3,4,28,4,1588
j4,5,28,5,217
j5,16,28,16,1534
j6,22,28,22,3453
j7,29,28,29,575
j8,58,28,58,2737
j9,95,28,95,3022
j10,53,28,53,1172
j11,67,28,67,1893
j12,28,28,28,2086
j13,28,28,28,2735
j14,47,28,47,4491
j15,43,28,43,2311
j16,28,28,28,505
j17,89,28,89,456
j18,62,28,62,490
j19,70,28,70,3903
j20,25,28,25,367
j21,92,28,92,4553
j22,60,28,60,1344
j23,76,28,76,3980
j24,19,28,19,3922
j25,75,28,75,2249
j26,85,28,85,2133
j27,55,28,55,4317
j28,61,28,61,1587
j29,54,28,54,1355
j30,89,28,89,691
j31,58,28,58,2063
j32,62,28,62,4784
j33,2,28,2,3415
j34,64,28,64,2428
j35,66,28,66,105
j36,20,28,20,196
j37,66,28,66,1236
j38,70,28,70,3715
j39,49,28,49,1901
j40,37,28,37,3693
j41,71,28,71,2367
j42,77,28,77,2020
j43,47,28,47,829
j44,6,28,6,1805
j45,77,28,77,1372
j46,56,28,56,1206
j47,36,28,36,4792
j48,63,28,63,342
j49,99,28,99,4061
j50,99,28,99,1886
j51,14,28,14,1112
j52,35,28,35,3117
j53,13,28,13,267
j54,3,28,3,1418
j55,9,28,9,1011
j56,33,28,33,4694
j57,42,28,42,1992
j58,30,28,30,301
j59,42,28,42,1829
j60,29,28,29,3706
j61,58,28,58,2723
j62,37,28,37,868
j63,46,28,46,2578
j64,30,28,30,538
j65,90,28,90,2935
j66,89,28,89,1886
j67,28,28,28,4209
j68,32,28,32,1158
j69,13,28,13,993
j70,34,28,34,2256
j71,42,28,42,1618
j72,52,28,52,2472
j73,96,28,96,529
j74,36,28,36,2568
j75,93,28,93,623
j76,78,28,78,3415
j77,76,28,76,3967
j78,7,28,7,4410
j79,25,28,25,90
j80,44,28,44,1784
j81,3,28,3,1101
j82,46,28,46,4712
j83,84,28,84,3917
j84,63,28,63,1238
j85,13,28,13,4321
j86,87,28,87,3485
j87,49,28,49,4486
j88,83,28,83,3349
j89,16,28,16,1947
j90,19,28,19,91
j91,11,28,11,3016
j92,55,28,55,1402
j93,40,28,40,3693
j94,68,28,68,4341
j95,13,28,13,2482
j96,17,28,17,4521
j97,80,28,80,1561
j98,72,28,72,499
j99,19,28,19,3037
j100,53,28,53,2089
