job,m1Time,m2Time,bufferUsage,dueTime
j1,50,22,1,1991
j2,18,22,1,2095
j3,21,22,1,2024
j4,14,22,1,1921
j5,39,22,1,953
j6,23,22,1,2436
j7,82,22,1,705
j8,54,22,1,1861
j9,67,22,1,818
j10,30,22,1,1875
j11,80,22,1,1403
j12,60,22,1,850
j13,60,22,1,875
j14,83,22,1,1047
j15,20,22,1,1062
j16,66,22,1,1699
j17,40,22,1,2408
j18,3,22,1,1041
j19,60,22,1,1152
j20,55,22,1,1177
j21,49,22,1,665
j22,32,22,1,558
j23,83,22,1,1615
j24,81,22,1,830
j25,25,22,1,2021
j26,98,22,1,1048
j27,78,22,1,2211
j28,54,22,1,585
j29,95,22,1,1535
j30,16,22,1,666
j31,38,22,1,1665
j32,18,22,1,1010
j33,27,22,1,1755
j34,71,22,1,1837
j35,95,22,1,2209
j36,17,22,1,1681
j37,38,22,1,1189
j38,16,22,1,1125
j39,92,22,1,1117
j40,81,22,1,910
j41,15,22,1,1151
j42,17,22,1,1150
j43,19,22,1,778
j44,71,22,1,2368
j45,25,22,1,2347
j46,84,22,1,1883
j47,92,22,1,2275
j48,51,22,1,2192
j49,2,22,1,563
j50,28,22,1,132
