job,m1Time,m2Time,bufferUsage,dueTime
j1,87,26,87,3791
j2,98,26,98,578
j3,11,26,11,6638
j4,33,26,33,6491
j5,55,26,55,4975
j6,24,26,24,1479
j7,56,26,56,5260
j8,87,26,87,1114
j9,61,26,61,1446
j10,54,26,54,391
j11,8,26,8,32
j12,74,26,74,4455
j13,73,26,73,2299
j14,78,26,78,5385
j15,54,26,54,921
j16,90,26,90,5286
j17,100,26,100,1986
j18,32,26,32,1834
j19,80,26,80,2857
j20,58,26,58,7310
j21,55,26,55,2454
j22,32,26,32,5971
j23,26,26,26,5485
j24,55,26,55,2790
j25,51,26,51,4517
j26,16,26,16,812
j27,17,26,17,1270
j28,51,26,51,4205
j29,4,26,4,4550
j30,85,26,85,3468
j31,14,26,14,1674
j32,16,26,16,2635
j33,2,26,2,1421
j34,55,26,55,3318
j35,48,26,48,2519
j36,39,26,39,1931
j37,56,26,56,6206
j38,3,26,3,4183
j39,37,26,37,7067
j40,28,26,28,7466
j41,23,26,23,4369
j42,32,26,32,5546
j43,42,26,42,3862
j44,67,26,67,6147
j45,42,26,42,6840
j46,26,26,26,7148
j47,96,26,96,4226
j48,91,26,91,1838
j49,91,26,91,5794
j50,88,26,88,6734
j51,31,26,31,1327
j52,61,26,61,5451
j53,99,26,99,6252
j54,7,26,7,5199
j55,30,26,30,7250
j56,56,26,56,389
j57,64,26,64,2728
j58,50,26,50,6524
j59,39,26,39,466
j60,2,26,2,3107
j61,7,26,7,3695
j62,85,26,85,2144
j63,77,26,77,4439
j64,46,26,46,7446
j65,82,26,82,3663
j66,52,26,52,2680
j67,87,26,87,2515
j68,12,26,12,3115
j69,72,26,72,1482
j70,45,26,45,4328
j71,86,26,86,7395
j72,26,26,26,4762
j73,33,26,33,4522
j74,11,26,11,4354
j75,86,26,86,3481
j76,97,26,97,12
j77,94,26,94,2394
j78,24,26,24,4283
j79,94,26,94,5719
j80,42,26,42,5145
j81,100,26,100,2349
j82,45,26,45,4306
j83,91,26,91,2804
j84,67,26,67,1231
j85,45,26,45,2211
j86,24,26,24,1050
j87,90,26,90,3973
j88,29,26,29,3979
j89,33,26,33,3196
j90,72,26,72,304
j91,97,26,97,3636
j92,22,26,22,926
j93,92,26,92,528
j94,65,26,65,7391
j95,18,26,18,4223
j96,27,26,27,3818
j97,59,26,59,6081
j98,10,26,10,2061
j99,53,26,53,3588
j100,92,26,92,3011
j101,58,26,58,2233
j102,15,26,15,6189
j103,88,26,88,333
j104,8,26,8,514
j105,54,26,54,1678
j106,19,26,19,5690
j107,76,26,76,5970
j108,19,26,19,112
j109,53,26,53,4809
j110,87,26,87,335
j111,78,26,78,6976
j112,83,26,83,6904
j113,54,26,54,2827
j114,14,26,14,1449
j115,26,26,26,4012
j116,25,26,25,3619
j117,39,26,39,5131
j118,88,26,88,4939
j119,72,26,72,1961
j120,90,26,90,7188
j121,38,26,38,1577
j122,3,26,3,2595
j123,87,26,87,1305
j124,50,26,50,5357
j125,37,26,37,3448
j126,9,26,9,6033
j127,46,26,46,57
j128,41,26,41,4950
j129,40,26,40,2448
j130,7,26,7,835
j131,26,26,26,1966
j132,3,26,3,5426
j133,51,26,51,6480
j134,55,26,55,7161
j135,42,26,42,3003
j136,5,26,5,4135
j137,52,26,52,3418
j138,33,26,33,5119
j139,47,26,47,5082
j140,90,26,90,6139
j141,25,26,25,454
j142,57,26,57,2931
j143,17,26,17,1886
j144,25,26,25,2861
j145,66,26,66,4697
j146,54,26,54,3556
j147,46,26,46,51
j148,20,26,20,3968
j149,88,26,88,3014
j150,34,26,34,3490
