job,m1Time,m2Time,bufferUsage,dueTime
j1,50,50,50,333
j2,18,50,18,1951
j3,21,50,21,1113
j4,14,50,14,1467
j5,39,50,39,313
j6,23,50,23,2214
j7,82,50,82,389
j8,54,50,54,575
j9,67,50,67,510
j10,30,50,30,132
j11,80,50,80,1894
j12,60,50,60,2154
j13,60,50,60,1645
j14,83,50,83,470
j15,20,50,20,909
j16,66,50,66,1692
j17,40,50,40,2232
j18,3,50,3,1179
j19,60,50,60,128
j20,55,50,55,229
j21,49,50,49,374
j22,32,50,32,1664
j23,83,50,83,1501
j24,81,50,81,2131
j25,25,50,25,2135
j26,98,50,98,1295
j27,78,50,78,1766
j28,54,50,54,1839
j29,95,50,95,2548
j30,16,50,16,2321
j31,38,50,38,2355
j32,18,50,18,1029
j33,27,50,27,2443
j34,71,50,71,1786
j35,95,50,95,715
j36,17,50,17,556
j37,38,50,38,1268
j38,16,50,16,907
j39,92,50,92,876
j40,81,50,81,355
j41,15,50,15,1992
j42,17,50,17,2672
j43,19,50,19,445
j44,71,50,71,2628
j45,25,50,25,2204
j46,84,50,84,1784
j47,92,50,92,2455
j48,51,50,51,1234
j49,2,50,2,237
j50,28,50,28,84
