job,m1Time,m2Time,bufferUsage,dueTime
j1,74,58,74,2017
j2,92,58,92,1205
j3,71,58,71,1032
j4,56,58,56,1651
j5,19,58,19,1593
j6,51,58,51,2363
j7,99,58,99,2483
j8,41,58,41,2678
j9,43,58,43,1821
j10,78,58,78,2037
j11,33,58,33,1350
j12,4,58,4,391
j13,76,58,76,1409
j14,47,58,47,891
j15,30,58,30,1960
j16,93,58,93,1272
j17,27,58,27,2476
j18,37,58,37,770
j19,98,58,98,722
j20,93,58,93,2991
j21,66,58,66,1756
j22,71,58,71,1494
j23,51,58,51,2939
j24,49,58,49,1983
j25,99,58,99,924
j26,63,58,63,2501
j27,31,58,31,588
j28,99,58,99,1843
j29,24,58,24,1107
j30,73,58,73,1696
j31,65,58,65,2545
j32,39,58,39,1404
j33,78,58,78,1279
j34,12,58,12,1188
j35,1,58,1,1668
j36,5,58,5,2217
j37,48,58,48,473
j38,60,58,60,938
j39,70,58,70,747
j40,89,58,89,375
j41,89,58,89,566
j42,57,58,57,1012
j43,42,58,42,712
j44,82,58,82,1882
j45,55,58,55,1413
j46,43,58,43,2598
j47,59,58,59,2969
j48,80,58,80,263
j49,74,58,74,1021
j50,1,58,1,2844
