job,m1Time,m2Time,bufferUsage,dueTime
j1,73,30,73,268
j2,54,30,54,4194
j3,36,30,36,4828
j4,24,30,24,1508
j5,48,30,48,3749
j6,32,30,32,872
j7,77,30,77,486
j8,50,30,50,1223
j9,14,30,14,3478
j10,33,30,33,187
j11,45,30,45,1000
j12,17,30,17,4475
j13,43,30,43,5011
j14,52,30,52,4987
j15,92,30,92,3940
j16,80,30,80,1646
j17,17,30,17,2780
j18,38,30,38,4295
j19,47,30,47,3081
j20,27,30,27,3268
j21,7,30,7,365
j22,64,30,64,941
j23,94,30,94,225
j24,2,30,2,4240
j25,62,30,62,644
j26,29,30,29,4087
j27,95,30,95,557
j28,92,30,92,2856
j29,96,30,96,3514
j30,8,30,8,1783
j31,88,30,88,4384
j32,95,30,95,1962
j33,99,30,99,370
j34,91,30,91,2597
j35,69,30,69,4392
j36,97,30,97,2968
j37,15,30,15,2750
j38,62,30,62,3808
j39,68,30,68,2628
j40,91,30,91,3391
j41,30,30,30,4951
j42,17,30,17,4247
j43,41,30,41,1342
j44,57,30,57,1579
j45,87,30,87,701
j46,39,30,39,3970
j47,4,30,4,2835
j48,41,30,41,1307
j49,52,30,52,2979
j50,30,30,30,4103
j51,53,30,53,2344
j52,37,30,37,1792
j53,91,30,91,4799
j54,95,30,95,3797
j55,35,30,35,1955
j56,41,30,41,442
j57,68,30,68,264
j58,95,30,95,1451
j59,29,30,29,1837
j60,48,30,48,4737
j61,83,30,83,3316
j62,7,30,7,4086
j63,92,30,92,1928
j64,53,30,53,3783
j65,91,30,91,890
j66,59,30,59,639
j67,55,30,55,215
j68,61,30,61,4594
j69,71,30,71,2518
j70,83,30,83,3055
j71,20,30,20,2878
j72,29,30,29,4775
j73,57,30,57,1822
j74,31,30,31,4407
j75,51,30,51,2903
j76,34,30,34,1157
j77,81,30,81,3011
j78,75,30,75,4694
j79,97,30,97,3439
j80,55,30,55,2896
j81,62,30,62,4436
j82,57,30,57,3077
j83,41,30,41,3685
j84,71,30,71,418
j85,7,30,7,1599
j86,76,30,76,4046
j87,91,30,91,638
j88,60,30,60,1336
j89,53,30,53,815
j90,6,30,6,657
j91,22,30,22,4061
j92,2,30,2,3140
j93,4,30,4,2270
j94,53,30,53,4796
j95,51,30,51,1641
j96,60,30,60,860
j97,23,30,23,4283
j98,17,30,17,4633
j99,34,30,34,2304
j100,6,30,6,4847
