job,m1Time,m2Time,bufferUsage,dueTime
j1,5,76,1,4357
j2,67,76,1,5048
j3,90,76,1,5555
j4,19,76,1,3783
j5,96,76,1,7854
j6,9,76,1,4345
j7,79,76,1,9555
j8,74,76,1,3968
j9,8,76,1,6174
j10,31,76,1,246
j11,76,76,1,10224
j12,33,76,1,631
j13,5,76,1,7561
j14,18,76,1,16
j15,54,76,1,4746
j16,82,76,1,4666
j17,35,76,1,2486
j18,84,76,1,3905
j19,2,76,1,266
j20,84,76,1,1817
j21,61,76,1,2958
j22,95,76,1,9
j23,22,76,1,10999
j24,94,76,1,11311
j25,55,76,1,3695
j26,83,76,1,6026
j27,3,76,1,10297
j28,35,76,1,3528
j29,81,76,1,855
j30,18,76,1,3586
j31,33,76,1,6487
j32,79,76,1,9566
j33,28,76,1,958
j34,36,76,1,52
j35,74,76,1,6689
j36,16,76,1,1646
j37,27,76,1,2271
j38,32,76,1,6024
j39,3,76,1,283
j40,20,76,1,4237
j41,33,76,1,5654
j42,59,76,1,335
j43,3,76,1,2544
j44,86,76,1,4492
j45,24,76,1,3707
j46,95,76,1,4181
j47,23,76,1,6233
j48,96,76,1,2554
j49,93,76,1,2528
j50,33,76,1,4874
j51,91,76,1,10638
j52,25,76,1,998
j53,6,76,1,2915
j54,49,76,1,10165
j55,36,76,1,5125
j56,34,76,1,1288
j57,44,76,1,4583
j58,12,76,1,18
j59,6,76,1,9126
j60,47,76,1,8227
j61,94,76,1,10446
j62,36,76,1,9447
j63,15,76,1,1218
j64,27,76,1,6655
j65,63,76,1,1521
j66,24,76,1,9425
j67,76,76,1,4675
j68,46,76,1,3337
j69,80,76,1,10299
j70,6,76,1,9338
j71,42,76,1,10904
j72,53,76,1,2793
j73,58,76,1,754
j74,84,76,1,431
j75,67,76,1,4658
j76,74,76,1,4773
j77,28,76,1,1342
j78,65,76,1,118
j79,38,76,1,8385
j80,91,76,1,3348
j81,37,76,1,6828
j82,50,76,1,2225
j83,80,76,1,5316
j84,11,76,1,1759
j85,1,76,1,594
j86,100,76,1,5063
j87,21,76,1,4577
j88,68,76,1,7216
j89,25,76,1,1271
j90,11,76,1,6449
j91,80,76,1,1482
j92,41,76,1,7073
j93,36,76,1,443
j94,88,76,1,5747
j95,57,76,1,8233
j96,96,76,1,671
j97,44,76,1,10604
j98,64,76,1,10060
j99,35,76,1,1557
j100,5,76,1,5827
j101,91,76,1,3734
j102,58,76,1,8005
j103,98,76,1,9644
j104,66,76,1,5846
j105,66,76,1,2952
j106,21,76,1,2596
j107,54,76,1,4924
j108,27,76,1,4213
j109,34,76,1,10368
j110,21,76,1,6047
j111,80,76,1,10913
j112,83,76,1,5908
j113,88,76,1,7542
j114,37,76,1,6407
j115,90,76,1,462
j116,37,76,1,5634
j117,44,76,1,5563
j118,95,76,1,3754
j119,83,76,1,10824
j120,63,76,1,1675
j121,6,76,1,8173
j122,7,76,1,7469
j123,63,76,1,4937
j124,67,76,1,10477
j125,76,76,1,2225
j126,26,76,1,61
j127,72,76,1,4150
j128,30,76,1,5378
j129,22,76,1,268
j130,37,76,1,5304
j131,70,76,1,888
j132,51,76,1,6582
j133,12,76,1,839
j134,27,76,1,2549
j135,27,76,1,7623
j136,37,76,1,661
j137,87,76,1,6231
j138,14,76,1,9949
j139,12,76,1,8690
j140,98,76,1,3038
j141,24,76,1,9637
j142,69,76,1,10801
j143,67,76,1,1229
j144,48,76,1,1976
j145,10,76,1,3663
j146,28,76,1,5996
j147,77,76,1,8952
j148,67,76,1,5763
j149,12,76,1,1351
j150,29,76,1,39
