job,m1Time,m2Time,bufferUsage,dueTime
j1,5,25,5,4492
j2,67,25,67,3929
j3,90,25,90,1811
j4,19,25,19,2130
j5,96,25,96,6068
j6,9,25,9,1958
j7,79,25,79,40
j8,74,25,74,6447
j9,8,25,8,2153
j10,31,25,31,2635
j11,76,25,76,1990
j12,33,25,33,550
j13,5,25,5,902
j14,18,25,18,785
j15,54,25,54,1991
j16,82,25,82,1684
j17,35,25,35,5894
j18,84,25,84,7154
j19,2,25,2,4082
j20,84,25,84,2793
j21,61,25,61,3562
j22,95,25,95,637
j23,22,25,22,5575
j24,94,25,94,5444
j25,55,25,55,3337
j26,83,25,83,2439
j27,3,25,3,6783
j28,35,25,35,3485
j29,81,25,81,6961
j30,18,25,18,6869
j31,33,25,33,29
j32,79,25,79,6004
j33,28,25,28,2405
j34,36,25,36,1640
j35,74,25,74,7143
j36,16,25,16,4093
j37,27,25,27,2604
j38,32,25,32,5478
j39,3,25,3,1347
j40,20,25,20,407
j41,33,25,33,5513
j42,59,25,59,6291
j43,3,25,3,6801
j44,86,25,86,6506
j45,24,25,24,4325
j46,95,25,95,5617
j47,23,25,23,3126
j48,96,25,96,5055
j49,93,25,93,6164
j50,33,25,33,1547
j51,91,25,91,2374
j52,25,25,25,6778
j53,6,25,6,5453
j54,49,25,49,1939
j55,36,25,36,5711
j56,34,25,34,6286
j57,44,25,44,5104
j58,12,25,12,554
j59,6,25,6,2810
j60,47,25,47,448
j61,94,25,94,4903
j62,36,25,36,5544
j63,15,25,15,6297
j64,27,25,27,936
j65,63,25,63,4532
j66,24,25,24,4379
j67,76,25,76,2493
j68,46,25,46,1189
j69,80,25,80,1627
j70,6,25,6,3519
j71,42,25,42,6621
j72,53,25,53,3560
j73,58,25,58,2612
j74,84,25,84,2792
j75,67,25,67,2461
j76,74,25,74,5046
j77,28,25,28,5784
j78,65,25,65,3686
j79,38,25,38,5859
j80,91,25,91,160
j81,37,25,37,5601
j82,50,25,50,6134
j83,80,25,80,3325
j84,11,25,11,4221
j85,1,25,1,6292
j86,100,25,100,5588
j87,21,25,21,6428
j88,68,25,68,2243
j89,25,25,25,2418
j90,11,25,11,1441
j91,80,25,80,5727
j92,41,25,41,1808
j93,36,25,36,5548
j94,88,25,88,1246
j95,57,25,57,5728
j96,96,25,96,4096
j97,44,25,44,3985
j98,64,25,64,4167
j99,35,25,35,545
j100,5,25,5,5645
j101,91,25,91,85
j102,58,25,58,2858
j103,98,25,98,3281
j104,66,25,66,2178
j105,66,25,66,4077
j106,21,25,21,5974
j107,54,25,54,5856
j108,27,25,27,4195
j109,34,25,34,4759
j110,21,25,21,5916
j111,80,25,80,4893
j112,83,25,83,3540
j113,88,25,88,3914
j114,37,25,37,5985
j115,90,25,90,5425
j116,37,25,37,4102
j117,44,25,44,4614
j118,95,25,95,6400
j119,83,25,83,3583
j120,63,25,63,6489
j121,6,25,6,1029
j122,7,25,7,1482
j123,63,25,63,5071
j124,67,25,67,2572
j125,76,25,76,3047
j126,26,25,26,3848
j127,72,25,72,1807
j128,30,25,30,3416
j129,22,25,22,2089
j130,37,25,37,3564
j131,70,25,70,6200
j132,51,25,51,1071
j133,12,25,12,6329
j134,27,25,27,3619
j135,27,25,27,1133
j136,37,25,37,4846
j137,87,25,87,5255
j138,14,25,14,112
j139,12,25,12,2284
j140,98,25,98,831
j141,24,25,24,2887
j142,69,25,69,4009
j143,67,25,67,2732
j144,48,25,48,4386
j145,10,25,10,6897
j146,28,25,28,3238
j147,77,25,77,4732
j148,67,25,67,7010
j149,12,25,12,7062
j150,29,25,29,711
