job,m1Time,m2Time,bufferUsage,dueTime
j1,96,71,1,2714
j2,86,71,1,3144
j3,4,71,1,3461
j4,5,71,1,2357
j5,16,71,1,4893
j6,22,71,1,2707
j7,29,71,1,5952
j8,58,71,1,2472
j9,95,71,1,3846
j10,53,71,1,153
j11,67,71,1,6369
j12,28,71,1,393
j13,28,71,1,4710
j14,47,71,1,10
j15,43,71,1,2957
j16,28,71,1,2907
j17,89,71,1,1549
j18,62,71,1,2432
j19,70,71,1,166
j20,25,71,1,1132
j21,92,71,1,1843
j22,60,71,1,6
j23,76,71,1,6852
j24,19,71,1,7046
j25,75,71,1,2302
j26,85,71,1,3754
j27,55,71,1,6414
j28,61,71,1,2198
j29,54,71,1,533
j30,89,71,1,2234
j31,58,71,1,4041
j32,62,71,1,5959
j33,2,71,1,597
j34,64,71,1,33
j35,66,71,1,4167
j36,20,71,1,1025
j37,66,71,1,1415
j38,70,71,1,3753
j39,49,71,1,177
j40,37,71,1,2639
j41,71,71,1,3522
j42,77,71,1,209
j43,47,71,1,1585
j44,6,71,1,2798
j45,77,71,1,2309
j46,56,71,1,2605
j47,36,71,1,3883
j48,63,71,1,1591
j49,99,71,1,1575
j50,99,71,1,3036
j51,14,71,1,6626
j52,35,71,1,622
j53,13,71,1,1816
j54,3,71,1,6332
j55,9,71,1,3193
j56,33,71,1,802
j57,42,71,1,2855
j58,30,71,1,11
j59,42,71,1,5685
j60,29,71,1,5125
j61,58,71,1,6507
j62,37,71,1,5885
j63,46,71,1,759
j64,30,71,1,4146
j65,90,71,1,948
j66,89,71,1,5871
j67,28,71,1,2912
j68,32,71,1,2079
j69,13,71,1,6415
j70,34,71,1,5817
j71,42,71,1,6792
j72,52,71,1,1740
j73,96,71,1,470
j74,36,71,1,269
j75,93,71,1,2902
j76,78,71,1,2973
j77,76,71,1,836
j78,7,71,1,74
j79,25,71,1,5223
j80,44,71,1,2086
j81,3,71,1,4253
j82,46,71,1,1386
j83,84,71,1,3311
j84,63,71,1,1096
j85,13,71,1,370
j86,87,71,1,3154
j87,49,71,1,2851
j88,83,71,1,4495
j89,16,71,1,792
j90,19,71,1,4017
j91,11,71,1,923
j92,55,71,1,4406
j93,40,71,1,276
j94,68,71,1,3580
j95,13,71,1,5128
j96,17,71,1,418
j97,80,71,1,6606
j98,72,71,1,6267
j99,19,71,1,970
j100,53,71,1,3630
