job,m1Time,m2Time,bufferUsage,dueTime
j1,50,50,1,2049
j2,18,50,1,2263
j3,21,50,1,2201
j4,14,50,1,571
j5,39,50,1,2306
j6,23,50,1,1768
j7,82,50,1,682
j8,54,50,1,1736
j9,67,50,1,925
j10,30,50,1,2466
j11,80,50,1,171
j12,60,50,1,2102
j13,60,50,1,1234
j14,83,50,1,1358
j15,20,50,1,1287
j16,66,50,1,1716
j17,40,50,1,992
j18,3,50,1,1351
j19,60,50,1,1005
j20,55,50,1,2265
j21,49,50,1,638
j22,32,50,1,1722
j23,83,50,1,736
j24,81,50,1,1803
j25,25,50,1,1544
j26,98,50,1,1807
j27,78,50,1,784
j28,54,50,1,770
j29,95,50,1,2049
j30,16,50,1,171
j31,38,50,1,358
j32,18,50,1,1357
j33,27,50,1,336
j34,71,50,1,675
j35,95,50,1,257
j36,17,50,1,1118
j37,38,50,1,644
j38,16,50,1,2297
j39,92,50,1,147
j40,81,50,1,753
j41,15,50,1,2284
j42,17,50,1,1331
j43,19,50,1,1447
j44,71,50,1,1078
j45,25,50,1,1600
j46,84,50,1,525
j47,92,50,1,1486
j48,51,50,1,2460
j49,2,50,1,2403
j50,28,50,1,1000
