job,m1Time,m2Time,bufferUsage,dueTime
j1,48,49,1,2454
j2,23,49,1,4775
j3,32,49,1,4702
j4,73,49,1,34
j5,45,49,1,4507
j6,37,49,1,87
j7,72,49,1,3183
j8,31,49,1,4478
j9,47,49,1,99
j10,24,49,1,1462
j11,91,49,1,1489
j12,67,49,1,2291
j13,5,49,1,1968
j14,42,49,1,4803
j15,33,49,1,4965
j16,47,49,1,2227
j17,69,49,1,637
j18,56,49,1,5240
j19,72,49,1,2652
j20,26,49,1,4147
j21,95,49,1,97
j22,42,49,1,2718
j23,90,49,1,2601
j24,9,49,1,2149
j25,53,49,1,2883
j26,65,49,1,1764
j27,55,49,1,3152
j28,14,49,1,3237
j29,99,49,1,2278
j30,41,49,1,1949
j31,38,49,1,2115
j32,38,49,1,2810
j33,28,49,1,2631
j34,32,49,1,1982
j35,92,49,1,3266
j36,81,49,1,5178
j37,39,49,1,1129
j38,88,49,1,4197
j39,29,49,1,30
j40,62,49,1,1819
j41,55,49,1,2045
j42,16,49,1,804
j43,9,49,1,3309
j44,42,49,1,1146
j45,70,49,1,4858
j46,86,49,1,1290
j47,49,49,1,4503
j48,84,49,1,1405
j49,41,49,1,845
j50,77,49,1,826
j51,51,49,1,1639
j52,3,49,1,501
j53,15,49,1,3997
j54,86,49,1,4058
j55,52,49,1,3759
j56,26,49,1,2043
j57,31,49,1,1498
j58,1,49,1,5029
j59,43,49,1,646
j60,17,49,1,68
j61,82,49,1,5149
j62,99,49,1,17
j63,73,49,1,622
j64,2,49,1,2895
j65,77,49,1,5143
j66,31,49,1,1151
j67,49,49,1,2691
j68,30,49,1,3242
j69,42,49,1,3653
j70,80,49,1,4808
j71,55,49,1,3092
j72,10,49,1,2433
j73,97,49,1,4031
j74,87,49,1,4682
j75,66,49,1,279
j76,96,49,1,4469
j77,95,49,1,861
j78,76,49,1,1799
j79,96,49,1,1613
j80,45,49,1,1425
j81,31,49,1,4334
j82,29,49,1,709
j83,58,49,1,86
j84,68,49,1,3248
j85,47,49,1,994
j86,59,49,1,5086
j87,72,49,1,3680
j88,82,49,1,1897
j89,16,49,1,575
j90,17,49,1,1647
j91,50,49,1,3959
j92,45,49,1,2391
j93,70,49,1,3734
j94,98,49,1,4910
j95,47,49,1,4472
j96,27,49,1,788
j97,63,49,1,2728
j98,66,49,1,4533
j99,49,49,1,275
j100,38,49,1,5114
