job,m1Time,m2Time,bufferUsage,dueTime
j1,74,40,1,1827
j2,92,40,1,2128
j3,71,40,1,46
j4,56,40,1,70
j5,19,40,1,2198
j6,51,40,1,1021
j7,99,40,1,2125
j8,41,40,1,1623
j9,43,40,1,1046
j10,78,40,1,2168
j11,33,40,1,1613
j12,4,40,1,2255
j13,76,40,1,2734
j14,47,40,1,603
j15,30,40,1,2620
j16,93,40,1,2164
j17,27,40,1,2354
j18,37,40,1,2607
j19,98,40,1,1495
j20,93,40,1,848
j21,66,40,1,966
j22,71,40,1,173
j23,51,40,1,16
j24,49,40,1,427
j25,99,40,1,1540
j26,63,40,1,2752
j27,31,40,1,404
j28,99,40,1,2797
j29,24,40,1,876
j30,73,40,1,1981
j31,65,40,1,2578
j32,39,40,1,184
j33,78,40,1,2300
j34,12,40,1,1567
j35,1,40,1,144
j36,5,40,1,2087
j37,48,40,1,2473
j38,60,40,1,800
j39,70,40,1,2146
j40,89,40,1,2826
j41,89,40,1,1622
j42,57,40,1,2255
j43,42,40,1,1826
j44,82,40,1,1649
j45,55,40,1,1528
j46,43,40,1,1500
j47,59,40,1,2510
j48,80,40,1,2495
j49,74,40,1,1816
j50,1,40,1,509
