job,m1Time,m2Time,bufferUsage,dueTime
j1,5,76,5,5085
j2,67,76,67,2297
j3,90,76,90,11394
j4,19,76,19,8621
j5,96,76,96,10943
j6,9,76,9,4270
j7,79,76,79,9479
j8,74,76,74,9216
j9,8,76,8,4442
j10,31,76,31,8624
j11,76,76,76,11328
j12,33,76,33,264
j13,5,76,5,3457
j14,18,76,18,4552
j15,54,76,54,5183
j16,82,76,82,5666
j17,35,76,35,2601
j18,84,76,84,657
j19,2,76,2,2423
j20,84,76,84,11112
j21,61,76,61,539
j22,95,76,95,115
j23,22,76,22,2596
j24,94,76,94,1472
j25,55,76,55,6140
j26,83,76,83,9812
j27,3,76,3,6147
j28,35,76,35,2640
j29,81,76,81,10194
j30,18,76,18,3815
j31,33,76,33,8699
j32,79,76,79,4602
j33,28,76,28,5899
j34,36,76,36,9314
j35,74,76,74,6578
j36,16,76,16,1746
j37,27,76,27,4968
j38,32,76,32,6988
j39,3,76,3,9490
j40,20,76,20,10601
j41,33,76,33,1489
j42,59,76,59,5025
j43,3,76,3,8283
j44,86,76,86,9037
j45,24,76,24,9614
j46,95,76,95,565
j47,23,76,23,10892
j48,96,76,96,2217
j49,93,76,93,4533
j50,33,76,33,989
j51,91,76,91,8340
j52,25,76,25,10384
j53,6,76,6,3683
j54,49,76,49,503
j55,36,76,36,3557
j56,34,76,34,8009
j57,44,76,44,1332
j58,12,76,12,6347
j59,6,76,6,7008
j60,47,76,47,2717
j61,94,76,94,4390
j62,36,76,36,4836
j63,15,76,15,6343
j64,27,76,27,10415
j65,63,76,63,5359
j66,24,76,24,1169
j67,76,76,76,1058
j68,46,76,46,1135
j69,80,76,80,9051
j70,6,76,6,852
j71,42,76,42,10558
j72,53,76,53,3115
j73,58,76,58,9229
j74,84,76,84,9096
j75,67,76,67,5214
j76,74,76,74,4947
j77,28,76,28,10010
j78,65,76,65,3679
j79,38,76,38,3142
j80,91,76,91,1602
j81,37,76,37,4783
j82,50,76,50,11094
j83,80,76,80,7920
j84,11,76,11,5630
j85,1,76,1,242
j86,100,76,100,453
j87,21,76,21,2866
j88,68,76,68,8615
j89,25,76,25,4409
j90,11,76,11,8563
j91,80,76,80,5490
j92,41,76,41,4685
j93,36,76,36,1921
j94,88,76,88,4186
j95,57,76,57,3181
j96,96,76,96,2796
j97,44,76,44,11112
j98,64,76,64,792
j99,35,76,35,9417
j100,5,76,5,4374
j101,91,76,91,2578
j102,58,76,58,7228
j103,98,76,98,618
j104,66,76,66,3289
j105,66,76,66,2343
j106,21,76,21,10886
j107,54,76,54,4618
j108,27,76,27,697
j109,34,76,34,4240
j110,21,76,21,8593
j111,80,76,80,6314
j112,83,76,83,2012
j113,88,76,88,5978
j114,37,76,37,1248
j115,90,76,90,6806
j116,37,76,37,4373
j117,44,76,44,9760
j118,95,76,95,2685
j119,83,76,83,2302
j120,63,76,63,5232
j121,6,76,6,3752
j122,7,76,7,5731
j123,63,76,63,1227
j124,67,76,67,5954
j125,76,76,76,1445
j126,26,76,26,7920
j127,72,76,72,9199
j128,30,76,30,10228
j129,22,76,22,208
j130,37,76,37,4136
j131,70,76,70,2553
j132,51,76,51,10928
j133,12,76,12,9083
j134,27,76,27,2872
j135,27,76,27,10020
j136,37,76,37,8083
j137,87,76,87,10404
j138,14,76,14,7767
j139,12,76,12,4515
j140,98,76,98,210
j141,24,76,24,6995
j142,69,76,69,3250
j143,67,76,67,8565
j144,48,76,48,10066
j145,10,76,10,5755
j146,28,76,28,10485
j147,77,76,77,3620
j148,67,76,67,1156
j149,12,76,12,7042
j150,29,76,29,4845
