job,m1Time,m2Time,bufferUsage,dueTime
j1,48,49,48,2437
j2,23,49,23,3074
j3,32,49,32,1826
j4,73,49,73,3867
j5,45,49,45,3990
j6,37,49,37,1705
j7,72,49,72,4383
j8,31,49,31,3557
j9,47,49,47,236
j10,24,49,24,3486
j11,91,49,91,3774
j12,67,49,67,2795
j13,5,49,5,1728
j14,42,49,42,3380
j15,33,49,33,2073
j16,47,49,47,4120
j17,69,49,69,3197
j18,56,49,56,2210
j19,72,49,72,5253
j20,26,49,26,3174
j21,95,49,95,1060
j22,42,49,42,5329
j23,90,49,90,4944
j24,9,49,9,4218
j25,53,49,53,1517
j26,65,49,65,604
j27,55,49,55,3780
j28,14,49,14,1134
j29,99,49,99,5202
j30,41,49,41,7
j31,38,49,38,169
j32,38,49,38,1307
j33,28,49,28,219
j34,32,49,32,1524
j35,92,49,92,4745
j36,81,49,81,131
j37,39,49,39,3932
j38,88,49,88,4870
j39,29,49,29,1855
j40,62,49,62,507
j41,55,49,55,4707
j42,16,49,16,2364
j43,9,49,9,2232
j44,42,49,42,2408
j45,70,49,70,3359
j46,86,49,86,4391
j47,49,49,49,99
j48,84,49,84,3220
j49,41,49,41,3617
j50,77,49,77,2823
j51,51,49,51,2808
j52,3,49,3,5304
j53,15,49,15,3584
j54,86,49,86,2293
j55,52,49,52,3969
j56,26,49,26,1431
j57,31,49,31,4387
j58,1,49,1,2078
j59,43,49,43,2113
j60,17,49,17,1123
j61,82,49,82,452
j62,99,49,99,3866
j63,73,49,73,3457
j64,2,49,2,120
j65,77,49,77,2139
j66,31,49,31,4024
j67,49,49,49,770
j68,30,49,30,1969
j69,42,49,42,1417
j70,80,49,80,3166
j71,55,49,55,1285
j72,10,49,10,3226
j73,97,49,97,165
j74,87,49,87,3713
j75,66,49,66,5100
j76,96,49,96,4634
j77,95,49,95,1252
j78,76,49,76,2340
j79,96,49,96,2285
j80,45,49,45,4400
j81,31,49,31,2624
j82,29,49,29,4459
j83,58,49,58,1827
j84,68,49,68,2052
j85,47,49,47,941
j86,59,49,59,4695
j87,72,49,72,2013
j88,82,49,82,4440
j89,16,49,16,403
j90,17,49,17,4801
j91,50,49,50,1293
j92,45,49,45,1595
j93,70,49,70,4182
j94,98,49,98,5252
j95,47,49,47,2315
j96,27,49,27,90
j97,63,49,63,329
j98,66,49,66,2385
j99,49,49,49,2795
j100,38,49,38,1985
