job,m1Time,m2Time,bufferUsage,dueTime
j1,50,54,50,1900
j2,90,54,90,2149
j3,28,54,28,2441
j4,74,54,74,363
j5,59,54,59,1756
j6,65,54,65,1697
j7,91,54,91,966
j8,12,54,12,461
j9,41,54,41,631
j10,90,54,90,1364
j11,55,54,55,2566
j12,56,54,56,1380
j13,44,54,44,1013
j14,38,54,38,1082
j15,21,54,21,954
j16,55,54,55,1956
j17,68,54,68,2242
j18,22,54,22,1429
j19,25,54,25,2271
j20,14,54,14,62
j21,55,54,55,2171
j22,6,54,6,2377
j23,83,54,83,1289
j24,10,54,10,1636
j25,47,54,47,2439
j26,51,54,51,2166
j27,82,54,82,2491
j28,83,54,83,870
j29,15,54,15,937
j30,28,54,28,559
j31,9,54,9,2219
j32,21,54,21,701
j33,61,54,61,2150
j34,3,54,3,483
j35,23,54,23,2220
j36,60,54,60,1588
j37,40,54,40,1545
j38,74,54,74,1615
j39,83,54,83,212
j40,28,54,28,2188
j41,87,54,87,33
j42,7,54,7,1108
j43,86,54,86,1272
j44,62,54,62,844
j45,53,54,53,1580
j46,32,54,32,2315
j47,69,54,69,2270
j48,95,54,95,1626
j49,98,54,98,1845
j50,88,54,88,2293
