job,m1Time,m2Time,bufferUsage,dueTime
j1,96,28,1,2297
j2,86,28,1,4469
j3,4,28,1,4401
j4,5,28,1,31
j5,16,28,1,4219
j6,22,28,1,81
j7,29,28,1,2980
j8,58,28,1,4191
j9,95,28,1,92
j10,53,28,1,1369
j11,67,28,1,1393
j12,28,28,1,2144
j13,28,28,1,1843
j14,47,28,1,4495
j15,43,28,1,4648
j16,28,28,1,2084
j17,89,28,1,597
j18,62,28,1,4905
j19,70,28,1,2482
j20,25,28,1,3882
j21,92,28,1,91
j22,60,28,1,2544
j23,76,28,1,2434
j24,19,28,1,2012
j25,75,28,1,2699
j26,85,28,1,1651
j27,55,28,1,2950
j28,61,28,1,3030
j29,54,28,1,2133
j30,89,28,1,1825
j31,58,28,1,1979
j32,62,28,1,2630
j33,2,28,1,2463
j34,64,28,1,1855
j35,66,28,1,3057
j36,20,28,1,4847
j37,66,28,1,1057
j38,70,28,1,3929
j39,49,28,1,28
j40,37,28,1,1703
j41,71,28,1,1914
j42,77,28,1,753
j43,47,28,1,3098
j44,6,28,1,1072
j45,77,28,1,4547
j46,56,28,1,1208
j47,36,28,1,4215
j48,63,28,1,1315
j49,99,28,1,791
j50,99,28,1,773
j51,14,28,1,1534
j52,35,28,1,469
j53,13,28,1,3741
j54,3,28,1,3798
j55,9,28,1,3518
j56,33,28,1,1912
j57,42,28,1,1403
j58,30,28,1,4707
j59,42,28,1,605
j60,29,28,1,64
j61,58,28,1,4820
j62,37,28,1,16
j63,46,28,1,582
j64,30,28,1,2710
j65,90,28,1,4814
j66,89,28,1,1077
j67,28,28,1,2519
j68,32,28,1,3034
j69,13,28,1,3419
j70,34,28,1,4501
j71,42,28,1,2895
j72,52,28,1,2278
j73,96,28,1,3773
j74,36,28,1,4382
j75,93,28,1,261
j76,78,28,1,4184
j77,76,28,1,806
j78,7,28,1,1684
j79,25,28,1,1510
j80,44,28,1,1334
j81,3,28,1,4057
j82,46,28,1,664
j83,84,28,1,80
j84,63,28,1,3040
j85,13,28,1,931
j86,87,28,1,4760
j87,49,28,1,3444
j88,83,28,1,1776
j89,16,28,1,539
j90,19,28,1,1542
j91,11,28,1,3706
j92,55,28,1,2238
j93,40,28,1,3495
j94,68,28,1,4596
j95,13,28,1,4186
j96,17,28,1,737
j97,80,28,1,2553
j98,72,28,1,4243
j99,19,28,1,257
j100,53,28,1,4787
