job,m1Time,m2Time,bufferUsage,dueTime
j1,5,44,1,1095
j2,67,44,1,1365
j3,90,44,1,5869
j4,19,44,1,3124
j5,96,44,1,5544
j6,9,44,1,2696
j7,79,44,1,2417
j8,74,44,1,6818
j9,8,44,1,1153
j10,31,44,1,2365
j11,76,44,1,4378
j12,33,44,1,4163
j13,5,44,1,6946
j14,18,44,1,473
j15,54,44,1,6723
j16,82,44,1,3132
j17,35,44,1,2729
j18,84,44,1,3963
j19,2,44,1,7198
j20,84,44,1,6048
j21,61,44,1,4732
j22,95,44,1,6861
j23,22,44,1,7214
j24,94,44,1,3969
j25,55,44,1,4735
j26,83,44,1,2354
j27,3,44,1,4771
j28,35,44,1,939
j29,81,44,1,5912
j30,18,44,1,2283
j31,33,44,1,1696
j32,79,44,1,550
j33,28,44,1,6264
j34,36,44,1,6866
j35,74,44,1,6465
j36,16,44,1,4478
j37,27,44,1,6259
j38,32,44,1,1105
j39,3,44,1,2662
j40,20,44,1,5201
j41,33,44,1,6452
j42,59,44,1,3828
j43,3,44,1,6500
j44,86,44,1,5512
j45,24,44,1,3623
j46,95,44,1,1212
j47,23,44,1,4452
j48,96,44,1,2361
j49,93,44,1,3456
j50,33,44,1,1995
j51,91,44,1,3415
j52,25,44,1,6644
j53,6,44,1,6543
j54,49,44,1,47
j55,36,44,1,6272
j56,34,44,1,121
j57,44,44,1,4430
j58,12,44,1,6231
j59,6,44,1,137
j60,47,44,1,2035
j61,94,44,1,2071
j62,36,44,1,3188
j63,15,44,1,2739
j64,27,44,1,6684
j65,63,44,1,6910
j66,24,44,1,3099
j67,76,44,1,887
j68,46,44,1,7292
j69,80,44,1,3691
j70,6,44,1,5771
j71,42,44,1,135
j72,53,44,1,3783
j73,58,44,1,3619
j74,84,44,1,2991
j75,67,44,1,4012
j76,74,44,1,2455
j77,28,44,1,4386
j78,65,44,1,4505
j79,38,44,1,3170
j80,91,44,1,2713
j81,37,44,1,2943
j82,50,44,1,3910
j83,80,44,1,3662
j84,11,44,1,2758
j85,1,44,1,4545
j86,100,44,1,7206
j87,21,44,1,1571
j88,68,44,1,5841
j89,25,44,1,42
j90,11,44,1,2531
j91,80,44,1,2846
j92,41,44,1,1119
j93,36,44,1,4605
j94,88,44,1,1594
j95,57,44,1,6760
j96,96,44,1,1795
j97,44,44,1,6266
j98,64,44,1,1955
j99,35,44,1,1176
j100,5,44,1,1150
j101,91,44,1,2281
j102,58,44,1,697
j103,98,44,1,5562
j104,66,44,1,5647
j105,66,44,1,5231
j106,21,44,1,2843
j107,54,44,1,2085
j108,27,44,1,6998
j109,34,44,1,899
j110,21,44,1,95
j111,80,44,1,7166
j112,83,44,1,24
j113,88,44,1,866
j114,37,44,1,4029
j115,90,44,1,7157
j116,37,44,1,1601
j117,44,44,1,3745
j118,95,44,1,4511
j119,83,44,1,5083
j120,63,44,1,6692
j121,6,44,1,4304
j122,7,44,1,3386
j123,63,44,1,5610
j124,67,44,1,6515
j125,76,44,1,388
j126,26,44,1,6220
j127,72,44,1,1198
j128,30,44,1,2503
j129,22,44,1,2245
j130,37,44,1,1983
j131,70,44,1,6032
j132,51,44,1,987
j133,12,44,1,119
j134,27,44,1,4520
j135,27,44,1,1383
j136,37,44,1,7078
j137,87,44,1,5121
j138,14,44,1,2640
j139,12,44,1,801
j140,98,44,1,2292
j141,24,44,1,5509
j142,69,44,1,3327
j143,67,44,1,5196
j144,48,44,1,6833
j145,10,44,1,6223
j146,28,44,1,1096
j147,77,44,1,3796
j148,67,44,1,6309
j149,12,44,1,382
j150,29,44,1,7117
