job,m1Time,m2Time,bufferUsage,dueTime
j1,74,58,1,436
j2,92,58,1,677
j3,71,58,1,163
j4,56,58,1,1234
j5,19,58,1,1065
j6,51,58,1,1941
j7,99,58,1,1620
j8,41,58,1,58
j9,43,58,1,91
j10,78,58,1,1647
j11,33,58,1,1189
j12,4,58,1,214
j13,76,58,1,2859
j14,47,58,1,2062
j15,30,58,1,843
j16,93,58,1,2360
j17,27,58,1,2801
j18,37,58,1,1965
j19,98,58,1,1719
j20,93,58,1,844
j21,66,58,1,2467
j22,71,58,1,583
j23,51,58,1,1569
j24,49,58,1,2861
j25,99,58,1,1048
j26,63,58,1,459
j27,31,58,1,2832
j28,99,58,1,634
j29,24,58,1,1720
j30,73,58,1,769
j31,65,58,1,913
j32,39,58,1,2242
j33,78,58,1,810
j34,12,58,1,755
j35,1,58,1,1681
j36,5,58,1,1649
j37,48,58,1,1241
j38,60,58,1,2767
j39,70,58,1,2257
j40,89,58,1,2921
j41,89,58,1,2606
j42,57,58,1,1385
j43,42,58,1,1285
j44,82,58,1,1283
j45,55,58,1,667
j46,43,58,1,729
j47,59,58,1,2839
j48,80,58,1,1847
j49,74,58,1,521
j50,1,58,1,2018
