job,m1Time,m2Time,bufferUsage,dueTime
j1,96,48,1,1617
j2,86,48,1,3466
j3,4,48,1,4176
j4,5,48,1,2532
j5,16,48,1,1278
j6,22,48,1,1124
j7,29,48,1,2132
j8,58,48,1,1824
j9,95,48,1,4489
j10,53,48,1,2619
j11,67,48,1,4725
j12,28,48,1,2558
j13,28,48,1,3266
j14,47,48,1,2774
j15,43,48,1,200
j16,28,48,1,2440
j17,89,48,1,2409
j18,62,48,1,1626
j19,70,48,1,4687
j20,25,48,1,725
j21,92,48,1,3539
j22,60,48,1,3234
j23,76,48,1,2138
j24,19,48,1,4537
j25,75,48,1,964
j26,85,48,1,27
j27,55,48,1,1797
j28,61,48,1,2329
j29,54,48,1,116
j30,89,48,1,2297
j31,58,48,1,385
j32,62,48,1,2850
j33,2,48,1,364
j34,64,48,1,1104
j35,66,48,1,3301
j36,20,48,1,286
j37,66,48,1,2698
j38,70,48,1,4308
j39,49,48,1,3763
j40,37,48,1,1316
j41,71,48,1,4173
j42,77,48,1,4677
j43,47,48,1,533
j44,6,48,1,856
j45,77,48,1,1586
j46,56,48,1,2596
j47,36,48,1,3876
j48,63,48,1,2496
j49,99,48,1,585
j50,99,48,1,17
j51,14,48,1,740
j52,35,48,1,922
j53,13,48,1,3964
j54,3,48,1,2110
j55,9,48,1,3744
j56,33,48,1,1821
j57,42,48,1,1632
j58,30,48,1,4605
j59,42,48,1,778
j60,29,48,1,1598
j61,58,48,1,2957
j62,37,48,1,2811
j63,46,48,1,4691
j64,30,48,1,319
j65,90,48,1,4541
j66,89,48,1,2116
j67,28,48,1,1843
j68,32,48,1,2676
j69,13,48,1,4861
j70,34,48,1,4085
j71,42,48,1,3196
j72,52,48,1,4634
j73,96,48,1,4872
j74,36,48,1,2681
j75,93,48,1,3198
j76,78,48,1,1590
j77,76,48,1,3222
j78,7,48,1,634
j79,25,48,1,3993
j80,44,48,1,1542
j81,3,48,1,1146
j82,46,48,1,371
j83,84,48,1,4231
j84,63,48,1,4637
j85,13,48,1,4366
j86,87,48,1,3025
j87,49,48,1,4227
j88,83,48,1,746
j89,16,48,1,1798
j90,19,48,1,3512
j91,11,48,1,4357
j92,55,48,1,2585
j93,40,48,1,4390
j94,68,48,1,3723
j95,13,48,1,2447
j96,17,48,1,818
j97,80,48,1,3007
j98,72,48,1,1594
j99,19,48,1,2334
j100,53,48,1,1348
