job,m1Time,m2Time,bufferUsage,dueTime
j1,87,76,1,5960
j2,98,76,1,8099
j3,11,76,1,1413
j4,33,76,1,4123
j5,55,76,1,6114
j6,24,76,1,7867
j7,56,76,1,10627
j8,87,76,1,6002
j9,61,76,1,3372
j10,54,76,1,10775
j11,8,76,1,1342
j12,74,76,1,7455
j13,73,76,1,1060
j14,78,76,1,3610
j15,54,76,1,509
j16,90,76,1,1043
j17,100,76,1,3905
j18,32,76,1,4120
j19,80,76,1,10779
j20,58,76,1,11229
j21,55,76,1,6890
j22,32,76,1,8707
j23,26,76,1,1548
j24,55,76,1,9529
j25,51,76,1,5239
j26,16,76,1,6191
j27,17,76,1,1801
j28,51,76,1,7826
j29,4,76,1,9958
j30,85,76,1,3994
j31,14,76,1,2192
j32,16,76,1,582
j33,2,76,1,3841
j34,55,76,1,122
j35,48,76,1,6243
j36,39,76,1,6903
j37,56,76,1,3310
j38,3,76,1,9497
j39,37,76,1,10715
j40,28,76,1,9906
j41,23,76,1,10556
j42,32,76,1,2122
j43,42,76,1,2166
j44,67,76,1,5099
j45,42,76,1,6637
j46,26,76,1,23
j47,96,76,1,1199
j48,91,76,1,6342
j49,91,76,1,4966
j50,88,76,1,188
j51,31,76,1,10902
j52,61,76,1,10826
j53,99,76,1,7390
j54,7,76,1,3554
j55,30,76,1,2531
j56,56,76,1,9839
j57,64,76,1,4071
j58,50,76,1,1113
j59,39,76,1,9021
j60,2,76,1,10493
j61,7,76,1,4455
j62,85,76,1,10646
j63,77,76,1,5685
j64,46,76,1,8901
j65,82,76,1,6223
j66,52,76,1,1989
j67,87,76,1,6679
j68,12,76,1,1651
j69,72,76,1,10351
j70,45,76,1,1792
j71,86,76,1,9397
j72,26,76,1,8690
j73,33,76,1,2611
j74,11,76,1,1730
j75,86,76,1,10635
j76,97,76,1,11366
j77,94,76,1,9248
j78,24,76,1,4705
j79,94,76,1,4756
j80,42,76,1,3813
j81,100,76,1,2338
j82,45,76,1,6894
j83,91,76,1,3581
j84,67,76,1,3106
j85,45,76,1,2069
j86,24,76,1,2981
j87,90,76,1,6612
j88,29,76,1,10897
j89,33,76,1,3341
j90,72,76,1,4810
j91,97,76,1,5835
j92,22,76,1,8779
j93,92,76,1,656
j94,65,76,1,1883
j95,18,76,1,5853
j96,27,76,1,9337
j97,59,76,1,2212
j98,10,76,1,2866
j99,53,76,1,7027
j100,92,76,1,5819
j101,58,76,1,9390
j102,15,76,1,5089
j103,88,76,1,11358
j104,8,76,1,8795
j105,54,76,1,7053
j106,19,76,1,1323
j107,76,76,1,6225
j108,19,76,1,3302
j109,53,76,1,3739
j110,87,76,1,11393
j111,78,76,1,2723
j112,83,76,1,6494
j113,54,76,1,7102
j114,14,76,1,7659
j115,26,76,1,4242
j116,25,76,1,4555
j117,39,76,1,3067
j118,88,76,1,5814
j119,72,76,1,7703
j120,90,76,1,20
j121,38,76,1,9112
j122,3,76,1,1133
j123,87,76,1,9597
j124,50,76,1,4550
j125,37,76,1,3418
j126,9,76,1,2793
j127,46,76,1,300
j128,41,76,1,5514
j129,40,76,1,10447
j130,7,76,1,8471
j131,26,76,1,2720
j132,3,76,1,1956
j133,51,76,1,9618
j134,55,76,1,4380
j135,42,76,1,6635
j136,5,76,1,3192
j137,52,76,1,6620
j138,33,76,1,3479
j139,47,76,1,7076
j140,90,76,1,2609
j141,25,76,1,11331
j142,57,76,1,5469
j143,17,76,1,567
j144,25,76,1,10233
j145,66,76,1,4974
j146,54,76,1,10736
j147,46,76,1,258
j148,20,76,1,6575
j149,88,76,1,10219
j150,34,76,1,5700
