job,m1Time,m2Time,bufferUsage,dueTime
j1,5,25,1,1784
j2,67,25,1,5631
j3,90,25,1,2867
j4,19,25,1,3242
j5,96,25,1,357
j6,9,25,1,2019
j7,79,25,1,6905
j8,74,25,1,6243
j9,8,25,1,5210
j10,31,25,1,4048
j11,76,25,1,2565
j12,33,25,1,2310
j13,5,25,1,374
j14,18,25,1,6843
j15,54,25,1,4215
j16,82,25,1,4442
j17,35,25,1,1578
j18,84,25,1,853
j19,2,25,1,3094
j20,84,25,1,6591
j21,61,25,1,2301
j22,95,25,1,5400
j23,22,25,1,4555
j24,94,25,1,2475
j25,55,25,1,7101
j26,83,25,1,2059
j27,3,25,1,6529
j28,35,25,1,1430
j29,81,25,1,2411
j30,18,25,1,3753
j31,33,25,1,532
j32,79,25,1,5321
j33,28,25,1,4165
j34,36,25,1,1497
j35,74,25,1,4933
j36,16,25,1,6114
j37,27,25,1,7269
j38,32,25,1,4848
j39,3,25,1,12
j40,20,25,1,4032
j41,33,25,1,6012
j42,59,25,1,1265
j43,3,25,1,6955
j44,86,25,1,6210
j45,24,25,1,5382
j46,95,25,1,2982
j47,23,25,1,7195
j48,96,25,1,1750
j49,93,25,1,4911
j50,33,25,1,7083
j51,91,25,1,7251
j52,25,25,1,1248
j53,6,25,1,3848
j54,49,25,1,6262
j55,36,25,1,6503
j56,34,25,1,1280
j57,44,25,1,3677
j58,12,25,1,4187
j59,6,25,1,4815
j60,47,25,1,624
j61,94,25,1,2657
j62,36,25,1,217
j63,15,25,1,5167
j64,27,25,1,3613
j65,63,25,1,3356
j66,24,25,1,2932
j67,76,25,1,5581
j68,46,25,1,1136
j69,80,25,1,1319
j70,6,25,1,296
j71,42,25,1,6706
j72,53,25,1,6821
j73,58,25,1,3386
j74,84,25,1,4736
j75,67,25,1,2020
j76,74,25,1,344
j77,28,25,1,6001
j78,65,25,1,5701
j79,38,25,1,3399
j80,91,25,1,3899
j81,37,25,1,867
j82,50,25,1,4530
j83,80,25,1,3302
j84,11,25,1,3080
j85,1,25,1,4115
j86,100,25,1,3914
j87,21,25,1,207
j88,68,25,1,1454
j89,25,25,1,4619
j90,11,25,1,3032
j91,80,25,1,5035
j92,41,25,1,1460
j93,36,25,1,3803
j94,88,25,1,2604
j95,57,25,1,5148
j96,96,25,1,316
j97,44,25,1,5498
j98,64,25,1,5742
j99,35,25,1,2525
j100,5,25,1,2319
j101,91,25,1,1629
j102,58,25,1,6611
j103,98,25,1,1952
j104,66,25,1,1729
j105,66,25,1,7062
j106,21,25,1,2774
j107,54,25,1,4692
j108,27,25,1,5616
j109,34,25,1,116
j110,21,25,1,3056
j111,80,25,1,5343
j112,83,25,1,3008
j113,88,25,1,644
j114,37,25,1,922
j115,90,25,1,9
j116,37,25,1,4514
j117,44,25,1,2065
j118,95,25,1,5970
j119,83,25,1,5949
j120,63,25,1,646
j121,6,25,1,5188
j122,7,25,1,5848
j123,63,25,1,6818
j124,67,25,1,3819
j125,76,25,1,2097
j126,26,25,1,348
j127,72,25,1,581
j128,30,25,1,5437
j129,22,25,1,6335
j130,37,25,1,5531
j131,70,25,1,2984
j132,51,25,1,6567
j133,12,25,1,611
j134,27,25,1,4061
j135,27,25,1,1443
j136,37,25,1,2463
j137,87,25,1,4013
j138,14,25,1,2128
j139,12,25,1,380
j140,98,25,1,4842
j141,24,25,1,6309
j142,69,25,1,672
j143,67,25,1,6411
j144,48,25,1,1113
j145,10,25,1,4489
j146,28,25,1,5994
j147,77,25,1,6432
j148,67,25,1,4817
j149,12,25,1,2927
j150,29,25,1,4657
