job,m1Time,m2Time,bufferUsage,dueTime
j1,73,30,1,3821
j2,54,30,1,4757
j3,36,30,1,1688
j4,24,30,1,231
j5,48,30,1,1630
j6,32,30,1,3669
j7,77,30,1,611
j8,50,30,1,2908
j9,14,30,1,3211
j10,33,30,1,1245
j11,45,30,1,2011
j12,17,30,1,2216
j13,43,30,1,2906
j14,52,30,1,4772
j15,92,30,1,2455
j16,80,30,1,536
j17,17,30,1,485
j18,38,30,1,520
j19,47,30,1,4147
j20,27,30,1,390
j21,7,30,1,4837
j22,64,30,1,1428
j23,94,30,1,4228
j24,2,30,1,4167
j25,62,30,1,2389
j26,29,30,1,2267
j27,95,30,1,4586
j28,92,30,1,1686
j29,96,30,1,1440
j30,8,30,1,734
j31,88,30,1,2192
j32,95,30,1,5083
j33,99,30,1,3629
j34,91,30,1,2579
j35,69,30,1,111
j36,97,30,1,208
j37,15,30,1,1313
j38,62,30,1,3947
j39,68,30,1,2020
j40,91,30,1,3923
j41,30,30,1,2515
j42,17,30,1,2146
j43,41,30,1,880
j44,57,30,1,1918
j45,87,30,1,1458
j46,39,30,1,1281
j47,4,30,1,5091
j48,41,30,1,363
j49,52,30,1,4314
j50,30,30,1,2004
j51,53,30,1,1182
j52,37,30,1,3312
j53,91,30,1,283
j54,95,30,1,1507
j55,35,30,1,1074
j56,41,30,1,4987
j57,68,30,1,2116
j58,95,30,1,319
j59,29,30,1,1943
j60,48,30,1,3937
j61,83,30,1,2893
j62,7,30,1,922
j63,92,30,1,2739
j64,53,30,1,572
j65,91,30,1,3118
j66,59,30,1,2003
j67,55,30,1,4472
j68,61,30,1,1230
j69,71,30,1,1055
j70,83,30,1,2397
j71,20,30,1,1719
j72,29,30,1,2626
j73,57,30,1,562
j74,31,30,1,2728
j75,51,30,1,662
j76,34,30,1,3629
j77,81,30,1,4215
j78,75,30,1,4686
j79,97,30,1,96
j80,55,30,1,1895
j81,62,30,1,1170
j82,57,30,1,5007
j83,41,30,1,4161
j84,71,30,1,1316
j85,7,30,1,4591
j86,76,30,1,3703
j87,91,30,1,4766
j88,60,30,1,3559
j89,53,30,1,2069
j90,6,30,1,96
j91,22,30,1,3205
j92,2,30,1,1489
j93,4,30,1,3924
j94,53,30,1,4612
j95,51,30,1,2637
j96,60,30,1,4804
j97,23,30,1,1659
j98,17,30,1,530
j99,34,30,1,3226
j100,6,30,1,2220
