job,m1Time,m2Time,bufferUsage,dueTime
j1,48,31,1,1170
j2,23,31,1,4747
j3,32,31,1,1402
j4,73,31,1,1241
j5,45,31,1,5071
j6,37,31,1,1992
j7,72,31,1,3369
j8,31,31,1,4032
j9,47,31,1,84
j10,24,31,1,2194
j11,91,31,1,3836
j12,67,31,1,2160
j13,5,31,1,463
j14,42,31,1,662
j15,33,31,1,6
j16,47,31,1,3241
j17,69,31,1,1482
j18,56,31,1,4287
j19,72,31,1,4271
j20,26,31,1,464
j21,95,31,1,3725
j22,42,31,1,4199
j23,90,31,1,4895
j24,9,31,1,2742
j25,53,31,1,1506
j26,65,31,1,250
j27,55,31,1,417
j28,14,31,1,3903
j29,99,31,1,4548
j30,41,31,1,3971
j31,38,31,1,2142
j32,38,31,1,4715
j33,28,31,1,439
j34,32,31,1,2916
j35,92,31,1,1036
j36,81,31,1,1768
j37,39,31,1,2881
j38,88,31,1,1528
j39,29,31,1,273
j40,62,31,1,3477
j41,55,31,1,4530
j42,16,31,1,483
j43,9,31,1,4603
j44,42,31,1,800
j45,70,31,1,3223
j46,86,31,1,4303
j47,49,31,1,4618
j48,84,31,1,3459
j49,41,31,1,2102
j50,77,31,1,3344
j51,51,31,1,2335
j52,3,31,1,1055
j53,15,31,1,5231
j54,86,31,1,3958
j55,52,31,1,5024
j56,26,31,1,1960
j57,31,31,1,4352
j58,1,31,1,4231
j59,43,31,1,2040
j60,17,31,1,3960
j61,82,31,1,5201
j62,99,31,1,121
j63,73,31,1,1587
j64,2,31,1,2090
j65,77,31,1,2380
j66,31,31,1,2601
j67,49,31,1,1194
j68,30,31,1,302
j69,42,31,1,1112
j70,80,31,1,5102
j71,55,31,1,248
j72,10,31,1,53
j73,97,31,1,1192
j74,87,31,1,676
j75,66,31,1,2819
j76,96,31,1,4505
j77,95,31,1,2822
j78,76,31,1,1212
j79,96,31,1,4680
j80,45,31,1,1751
j81,31,31,1,3994
j82,29,31,1,2113
j83,58,31,1,2708
j84,68,31,1,4276
j85,47,31,1,3020
j86,59,31,1,802
j87,72,31,1,2281
j88,82,31,1,3208
j89,16,31,1,4357
j90,17,31,1,4867
j91,50,31,1,684
j92,45,31,1,2307
j93,70,31,1,3803
j94,98,31,1,4149
j95,47,31,1,4414
j96,27,31,1,260
j97,63,31,1,5001
j98,66,31,1,1018
j99,49,31,1,2081
j100,38,31,1,455
