job,m1Time,m2Time,bufferUsage,dueTime
j1,48,73,48,6271
j2,23,73,23,5217
j3,32,73,32,5579
j4,73,73,73,1823
j5,45,73,45,6185
j6,37,73,37,4190
j7,72,73,72,6100
j8,31,73,31,6704
j9,47,73,47,2052
j10,24,73,24,3225
j11,91,73,91,2929
j12,67,73,67,5482
j13,5,73,5,5858
j14,42,73,42,2599
j15,33,73,33,204
j16,47,73,47,2433
j17,69,73,69,6111
j18,56,73,56,1158
j19,72,73,72,5346
j20,26,73,26,6510
j21,95,73,95,2017
j22,42,73,42,3691
j23,90,73,90,5077
j24,9,73,9,106
j25,53,73,53,1580
j26,65,73,65,2309
j27,55,73,55,7040
j28,14,73,14,4105
j29,99,73,99,2573
j30,41,73,41,1169
j31,38,73,38,3511
j32,38,73,38,4494
j33,28,73,28,4540
j34,32,73,32,414
j35,92,73,92,4665
j36,81,73,81,5585
j37,39,73,39,4209
j38,88,73,88,2657
j39,29,73,29,5580
j40,62,73,62,2331
j41,55,73,55,3423
j42,16,73,16,2255
j43,9,73,9,137
j44,42,73,42,4975
j45,70,73,70,391
j46,86,73,86,4458
j47,49,73,49,7014
j48,84,73,84,2714
j49,41,73,41,5893
j50,77,73,77,2681
j51,51,73,51,4500
j52,3,73,3,3936
j53,15,73,15,1815
j54,86,73,86,2134
j55,52,73,52,6079
j56,26,73,26,1961
j57,31,73,31,40
j58,1,73,1,6458
j59,43,73,43,2157
j60,17,73,17,2639
j61,82,73,82,1994
j62,99,73,99,551
j63,73,73,73,904
j64,2,73,2,787
j65,77,73,77,1995
j66,31,73,31,1687
j67,49,73,49,5904
j68,30,73,30,7167
j69,42,73,42,4090
j70,80,73,80,2798
j71,55,73,55,3568
j72,10,73,10,639
j73,97,73,97,5585
j74,87,73,87,5454
j75,66,73,66,3343
j76,96,73,96,2444
j77,95,73,95,6796
j78,76,73,76,3491
j79,96,73,96,6973
j80,45,73,45,6881
j81,31,73,31,29
j82,29,73,29,6015
j83,58,73,58,2409
j84,68,73,68,1643
j85,47,73,47,7156
j86,59,73,59,4100
j87,72,73,72,2609
j88,82,73,82,5487
j89,16,73,16,1350
j90,17,73,17,408
j91,50,73,50,5523
j92,45,73,45,6302
j93,70,73,70,6813
j94,98,73,98,6518
j95,47,73,47,4333
j96,27,73,27,5627
j97,63,73,63,3132
j98,66,73,66,5064
j99,49,73,49,6175
j100,38,73,38,1549
