job,m1Time,m2Time,bufferUsage,dueTime
j1,76,50,1,6005
j2,47,50,1,3
j3,47,50,1,4252
j4,98,50,1,4775
j5,7,50,1,4514
j6,39,50,1,219
j7,29,50,1,4430
j8,66,50,1,4069
j9,65,50,1,5890
j10,77,50,1,5635
j11,2,50,1,3764
j12,10,50,1,807
j13,6,50,1,3179
j14,22,50,1,5767
j15,45,50,1,1599
j16,73,50,1,402
j17,9,50,1,6831
j18,79,50,1,3929
j19,27,50,1,5941
j20,40,50,1,3655
j21,33,50,1,7495
j22,56,50,1,6363
j23,19,50,1,2524
j24,97,50,1,5793
j25,36,50,1,3845
j26,50,50,1,3533
j27,73,50,1,4562
j28,93,50,1,1168
j29,16,50,1,3098
j30,71,50,1,2957
j31,49,50,1,6443
j32,10,50,1,3413
j33,65,50,1,7098
j34,28,50,1,174
j35,1,50,1,3498
j36,89,50,1,1991
j37,81,50,1,7386
j38,42,50,1,918
j39,75,50,1,5145
j40,62,50,1,7203
j41,1,50,1,3788
j42,2,50,1,7260
j43,32,50,1,4257
j44,54,50,1,1767
j45,82,50,1,2525
j46,57,50,1,7358
j47,56,50,1,4429
j48,64,50,1,6013
j49,15,50,1,1673
j50,80,50,1,1255
j51,40,50,1,1127
j52,80,50,1,488
j53,50,50,1,3925
j54,51,50,1,832
j55,97,50,1,439
j56,85,50,1,7135
j57,10,50,1,2087
j58,24,50,1,3118
j59,73,50,1,1286
j60,70,50,1,275
j61,97,50,1,4614
j62,66,50,1,7588
j63,33,50,1,4211
j64,79,50,1,289
j65,33,50,1,6769
j66,83,50,1,1236
j67,82,50,1,644
j68,12,50,1,5678
j69,30,50,1,6224
j70,12,50,1,7391
j71,44,50,1,2885
j72,26,50,1,1934
j73,44,50,1,2111
j74,22,50,1,5210
j75,49,50,1,835
j76,43,50,1,3853
j77,62,50,1,6659
j78,83,50,1,5584
j79,43,50,1,1427
j80,57,50,1,5244
j81,100,50,1,3095
j82,4,50,1,2223
j83,56,50,1,1953
j84,49,50,1,1175
j85,22,50,1,3931
j86,22,50,1,3718
j87,19,50,1,7068
j88,37,50,1,2440
j89,1,50,1,1543
j90,97,50,1,4165
j91,24,50,1,2459
j92,91,50,1,6492
j93,81,50,1,7114
j94,88,50,1,6109
j95,38,50,1,7498
j96,57,50,1,1214
j97,62,50,1,4989
j98,21,50,1,3634
j99,52,50,1,59
j100,95,50,1,2891
j101,68,50,1,4858
j102,81,50,1,2989
j103,89,50,1,4599
j104,44,50,1,2496
j105,64,50,1,4389
j106,72,50,1,690
j107,17,50,1,1950
j108,25,50,1,6273
j109,18,50,1,16
j110,77,50,1,2828
j111,88,50,1,3096
j112,21,50,1,4849
j113,79,50,1,3382
j114,18,50,1,6691
j115,88,50,1,6106
j116,79,50,1,919
j117,31,50,1,6190
j118,23,50,1,3451
j119,6,50,1,372
j120,92,50,1,7096
j121,3,50,1,1043
j122,71,50,1,4464
j123,89,50,1,6421
j124,25,50,1,327
j125,72,50,1,220
j126,78,50,1,5639
j127,86,50,1,5938
j128,88,50,1,7622
j129,27,50,1,3211
j130,27,50,1,3182
j131,67,50,1,7501
j132,11,50,1,4309
j133,83,50,1,5065
j134,63,50,1,4962
j135,92,50,1,3776
j136,20,50,1,6724
j137,85,50,1,6332
j138,98,50,1,607
j139,23,50,1,19
j140,50,50,1,5227
j141,84,50,1,7065
j142,58,50,1,2073
j143,31,50,1,2862
j144,21,50,1,5231
j145,32,50,1,5849
j146,66,50,1,5166
j147,3,50,1,3449
j148,24,50,1,2823
j149,92,50,1,564
j150,2,50,1,672
