job,m1Time,m2Time,bufferUsage,dueTime
j1,50,26,50,1720
j2,90,26,90,1245
j3,28,26,28,1376
j4,74,26,74,2104
j5,59,26,59,1907
j6,65,26,65,1442
j7,91,26,91,1622
j8,12,26,12,2250
j9,41,26,41,1260
j10,90,26,90,2281
j11,55,26,55,362
j12,56,26,56,521
j13,44,26,44,1782
j14,38,26,38,904
j15,21,26,21,1071
j16,55,26,55,1353
j17,68,26,68,635
j18,22,26,22,1201
j19,25,26,25,735
j20,14,26,14,1253
j21,55,26,55,2179
j22,6,26,6,377
j23,83,26,83,2225
j24,10,26,10,1272
j25,47,26,47,398
j26,51,26,51,1704
j27,82,26,82,1847
j28,83,26,83,40
j29,15,26,15,803
j30,28,26,28,292
j31,9,26,9,1015
j32,21,26,21,1409
j33,61,26,61,960
j34,3,26,3,1542
j35,23,26,23,2424
j36,60,26,60,1138
j37,40,26,40,1663
j38,74,26,74,2464
j39,83,26,83,2482
j40,28,26,28,250
j41,87,26,87,1154
j42,7,26,7,1456
j43,86,26,86,865
j44,62,26,62,1831
j45,53,26,53,1890
j46,32,26,32,808
j47,69,26,69,2076
j48,95,26,95,1684
j49,98,26,98,112
j50,88,26,88,1651
