job,m1Time,m2Time,bufferUsage,dueTime
j1,76,79,76,10192
j2,47,79,47,1676
j3,47,79,47,8080
j4,98,79,98,2046
j5,7,79,7,11245
j6,39,79,39,3574
j7,29,79,29,9580
j8,66,79,66,7374
j9,65,79,65,7883
j10,77,79,77,5759
j11,2,79,2,290
j12,10,79,10,9182
j13,6,79,6,3460
j14,22,79,22,5926
j15,45,79,45,1348
j16,73,79,73,11641
j17,9,79,9,1679
j18,79,79,79,6858
j19,27,79,27,921
j20,40,79,40,2873
j21,33,79,33,9321
j22,56,79,56,9483
j23,19,79,19,5949
j24,97,79,97,6647
j25,36,79,36,4846
j26,50,79,50,3976
j27,73,79,73,4074
j28,93,79,93,9400
j29,16,79,16,6364
j30,71,79,71,6251
j31,49,79,49,11489
j32,10,79,10,7067
j33,65,79,65,5487
j34,28,79,28,2391
j35,1,79,1,1411
j36,89,79,89,8057
j37,81,79,81,3852
j38,42,79,42,8423
j39,75,79,75,645
j40,62,79,62,9290
j41,1,79,1,686
j42,2,79,2,8484
j43,32,79,32,10118
j44,54,79,54,7062
j45,82,79,82,9563
j46,57,79,57,9511
j47,56,79,56,6473
j48,64,79,64,1636
j49,15,79,15,10954
j50,80,79,80,936
j51,40,79,40,9855
j52,80,79,80,11480
j53,50,79,50,11272
j54,51,79,51,8910
j55,97,79,97,5736
j56,85,79,85,10225
j57,10,79,10,7263
j58,24,79,24,4226
j59,73,79,73,8934
j60,70,79,70,7490
j61,97,79,97,2911
j62,66,79,66,11192
j63,33,79,33,2227
j64,79,79,79,7332
j65,33,79,33,5794
j66,83,79,83,1718
j67,82,79,82,11181
j68,12,79,12,1034
j69,30,79,30,8300
j70,12,79,12,9794
j71,44,79,44,6213
j72,26,79,26,11110
j73,44,79,44,3181
j74,22,79,22,8061
j75,49,79,49,6723
j76,43,79,43,2761
j77,62,79,62,428
j78,83,79,83,10703
j79,43,79,43,9848
j80,57,79,57,4637
j81,100,79,100,1198
j82,4,79,4,1638
j83,56,79,56,963
j84,49,79,49,8234
j85,22,79,22,9321
j86,22,79,22,8669
j87,19,79,19,8653
j88,37,79,37,9690
j89,1,79,1,877
j90,97,79,97,1735
j91,24,79,24,10713
j92,91,79,91,2058
j93,81,79,81,7911
j94,88,79,88,5854
j95,38,79,38,3314
j96,57,79,57,8668
j97,62,79,62,3999
j98,21,79,21,9598
j99,52,79,52,10396
j100,95,79,95,10913
j101,68,79,68,8370
j102,81,79,81,4708
j103,89,79,89,7264
j104,44,79,44,5101
j105,64,79,64,2484
j106,72,79,72,7192
j107,17,79,17,8227
j108,25,79,25,5956
j109,18,79,18,5947
j110,77,79,77,9273
j111,88,79,88,8692
j112,21,79,21,22
j113,79,79,79,8564
j114,18,79,18,9222
j115,88,79,88,395
j116,79,79,79,11010
j117,31,79,31,1576
j118,23,79,23,9302
j119,6,79,6,8188
j120,92,79,92,10129
j121,3,79,3,8742
j122,71,79,71,6549
j123,89,79,89,1699
j124,25,79,25,6796
j125,72,79,72,6287
j126,78,79,78,1569
j127,86,79,86,8362
j128,88,79,88,1904
j129,27,79,27,7043
j130,27,79,27,9652
j131,67,79,67,9906
j132,11,79,11,2714
j133,83,79,83,3052
j134,63,79,63,10978
j135,92,79,92,3826
j136,20,79,20,4093
j137,85,79,85,2266
j138,98,79,98,5332
j139,23,79,23,1751
j140,50,79,50,2493
j141,84,79,84,1543
j142,58,79,58,7683
j143,31,79,31,11472
j144,21,79,21,6067
j145,32,79,32,4569
j146,66,79,66,10679
j147,3,79,3,6752
j148,24,79,24,1112
j149,92,79,92,8091
j150,2,79,2,4495
