job,m1Time,m2Time,bufferUsage,dueTime
j1,87,50,87,4978
j2,98,50,98,4301
j3,11,50,11,4452
j4,33,50,33,4371
j5,55,50,55,7922
j6,24,50,24,7007
j7,56,50,56,3144
j8,87,50,87,2596
j9,61,50,61,7141
j10,54,50,54,7822
j11,8,50,8,4953
j12,74,50,74,3165
j13,73,50,73,5094
j14,78,50,78,5543
j15,54,50,54,5552
j16,90,50,90,2853
j17,100,50,100,4528
j18,32,50,32,5238
j19,80,50,80,346
j20,58,50,58,4580
j21,55,50,55,4424
j22,32,50,32,4870
j23,26,50,26,2374
j24,55,50,55,6846
j25,51,50,51,7154
j26,16,50,16,5469
j27,17,50,17,6626
j28,51,50,51,3022
j29,4,50,4,1015
j30,85,50,85,624
j31,14,50,14,7845
j32,16,50,16,4223
j33,2,50,2,3077
j34,55,50,55,2842
j35,48,50,48,6717
j36,39,50,39,3626
j37,56,50,56,5410
j38,3,50,3,3949
j39,37,50,37,5559
j40,28,50,28,889
j41,23,50,23,6167
j42,32,50,32,5583
j43,42,50,42,1306
j44,67,50,67,1697
j45,42,50,42,2734
j46,26,50,26,3759
j47,96,50,96,7439
j48,91,50,91,7682
j49,91,50,91,5673
j50,88,50,88,994
j51,31,50,31,6218
j52,61,50,61,6487
j53,99,50,99,3775
j54,7,50,7,1004
j55,30,50,30,4335
j56,56,50,56,1168
j57,64,50,64,7686
j58,50,50,50,488
j59,39,50,39,3297
j60,2,50,2,4364
j61,7,50,7,4643
j62,85,50,85,2445
j63,77,50,77,3793
j64,46,50,46,1860
j65,82,50,82,7690
j66,52,50,52,4914
j67,87,50,87,2852
j68,12,50,12,2089
j69,72,50,72,771
j70,45,50,45,679
j71,86,50,86,4575
j72,26,50,26,733
j73,33,50,33,3218
j74,11,50,11,668
j75,86,50,86,702
j76,97,50,97,3837
j77,94,50,94,6385
j78,24,50,24,1910
j79,94,50,94,2624
j80,42,50,42,2479
j81,100,50,100,1485
j82,45,50,45,3472
j83,91,50,91,4417
j84,67,50,67,5619
j85,45,50,45,4151
j86,24,50,24,1591
j87,90,50,90,4617
j88,29,50,29,3396
j89,33,50,33,658
j90,72,50,72,742
j91,97,50,97,5282
j92,22,50,22,3648
j93,92,50,92,5781
j94,65,50,65,3967
j95,18,50,18,7438
j96,27,50,27,5638
j97,59,50,59,5451
j98,10,50,10,2759
j99,53,50,53,7007
j100,92,50,92,3567
j101,58,50,58,163
j102,15,50,15,5045
j103,88,50,88,3382
j104,8,50,8,2111
j105,54,50,54,2240
j106,19,50,19,735
j107,76,50,76,6619
j108,19,50,19,5391
j109,53,50,53,5973
j110,87,50,87,5956
j111,78,50,78,5909
j112,83,50,83,4128
j113,54,50,54,5948
j114,14,50,14,7903
j115,26,50,26,7757
j116,25,50,25,2290
j117,39,50,39,4146
j118,88,50,88,3863
j119,72,50,72,4927
j120,90,50,90,1890
j121,38,50,38,2898
j122,3,50,3,5179
j123,87,50,87,2138
j124,50,50,50,2926
j125,37,50,37,6367
j126,9,50,9,2368
j127,46,50,46,2142
j128,41,50,41,611
j129,40,50,40,3622
j130,7,50,7,1441
j131,26,50,26,4651
j132,3,50,3,6971
j133,51,50,51,309
j134,55,50,55,3624
j135,42,50,42,7599
j136,5,50,5,6493
j137,52,50,52,2056
j138,33,50,33,5110
j139,47,50,47,1501
j140,90,50,90,3496
j141,25,50,25,1317
j142,57,50,57,2760
j143,17,50,17,6685
j144,25,50,25,7098
j145,66,50,66,412
j146,54,50,54,3887
j147,46,50,46,413
j148,20,50,20,2182
j149,88,50,88,7647
j150,34,50,34,381
