job,m1Time,m2Time,bufferUsage,dueTime
j1,76,79,1,8670
j2,47,79,1,5635
j3,47,79,1,11434
j4,98,79,1,2707
j5,7,79,1,5685
j6,39,79,1,10724
j7,29,79,1,7380
j8,66,79,1,9227
j9,65,79,1,10727
j10,77,79,1,7251
j11,2,79,1,8536
j12,10,79,1,3755
j13,6,79,1,5407
j14,22,79,1,6026
j15,45,79,1,8229
j16,73,79,1,7522
j17,9,79,1,6165
j18,79,79,1,1941
j19,27,79,1,8622
j20,40,79,1,260
j21,33,79,1,11268
j22,56,79,1,6769
j23,19,79,1,10732
j24,97,79,1,10348
j25,36,79,1,11793
j26,50,79,1,514
j27,73,79,1,1735
j28,93,79,1,7694
j29,16,79,1,6830
j30,71,79,1,3315
j31,49,79,1,1875
j32,10,79,1,5189
j33,65,79,1,6359
j34,28,79,1,7101
j35,1,79,1,4403
j36,89,79,1,11557
j37,81,79,1,11428
j38,42,79,1,5819
j39,75,79,1,6571
j40,62,79,1,8828
j41,1,79,1,10056
j42,2,79,1,5087
j43,32,79,1,7995
j44,54,79,1,3586
j45,82,79,1,2142
j46,57,79,1,4842
j47,56,79,1,4684
j48,64,79,1,89
j49,15,79,1,7365
j50,80,79,1,3980
j51,40,79,1,8793
j52,80,79,1,2053
j53,50,79,1,3646
j54,51,79,1,10924
j55,97,79,1,3508
j56,85,79,1,11335
j57,10,79,1,11119
j58,24,79,1,5956
j59,73,79,1,2817
j60,70,79,1,2209
j61,97,79,1,8552
j62,66,79,1,10796
j63,33,79,1,1853
j64,79,79,1,5634
j65,33,79,1,4950
j66,83,79,1,3631
j67,82,79,1,7685
j68,12,79,1,7481
j69,30,79,1,8287
j70,12,79,1,8291
j71,44,79,1,10773
j72,26,79,1,8513
j73,44,79,1,10716
j74,22,79,1,1917
j75,49,79,1,7429
j76,43,79,1,9636
j77,62,79,1,4510
j78,83,79,1,1451
j79,43,79,1,1225
j80,57,79,1,2933
j81,100,79,1,2066
j82,4,79,1,5391
j83,56,79,1,983
j84,49,79,1,9507
j85,22,79,1,4676
j86,22,79,1,10603
j87,19,79,1,6170
j88,37,79,1,7771
j89,1,79,1,5253
j90,97,79,1,1116
j91,24,79,1,3778
j92,91,79,1,7595
j93,81,79,1,5171
j94,88,79,1,8071
j95,38,79,1,4173
j96,57,79,1,7801
j97,62,79,1,2767
j98,21,79,1,8770
j99,52,79,1,3549
j100,95,79,1,1626
j101,68,79,1,1237
j102,81,79,1,3566
j103,89,79,1,6604
j104,44,79,1,5524
j105,64,79,1,3759
j106,72,79,1,1926
j107,17,79,1,8568
j108,25,79,1,3792
j109,18,79,1,4061
j110,77,79,1,8771
j111,88,79,1,1440
j112,21,79,1,2316
j113,79,79,1,8426
j114,18,79,1,5774
j115,88,79,1,5752
j116,79,79,1,2515
j117,31,79,1,7354
j118,23,79,1,7189
j119,6,79,1,1185
j120,92,79,1,11785
j121,3,79,1,5180
j122,71,79,1,910
j123,89,79,1,11305
j124,25,79,1,3071
j125,72,79,1,172
j126,78,79,1,3639
j127,86,79,1,1715
j128,88,79,1,8374
j129,27,79,1,4261
j130,27,79,1,10422
j131,67,79,1,10256
j132,11,79,1,9729
j133,83,79,1,1860
j134,63,79,1,10790
j135,92,79,1,450
j136,20,79,1,6348
j137,85,79,1,4623
j138,98,79,1,6824
j139,23,79,1,870
j140,50,79,1,10840
j141,84,79,1,7786
j142,58,79,1,8194
j143,31,79,1,4768
j144,21,79,1,10241
j145,32,79,1,681
j146,66,79,1,9754
j147,3,79,1,10921
j148,24,79,1,10911
j149,92,79,1,7106
j150,2,79,1,8197
