job,m1Time,m2Time,bufferUsage,dueTime
j1,48,73,1,2790
j2,23,73,1,3232
j3,32,73,1,3558
j4,73,73,1,2423
j5,45,73,1,5030
j6,37,73,1,2782
j7,72,73,1,6118
j8,31,73,1,2541
j9,47,73,1,3953
j10,24,73,1,157
j11,91,73,1,6547
j12,67,73,1,404
j13,5,73,1,4842
j14,42,73,1,11
j15,33,73,1,3039
j16,47,73,1,2988
j17,69,73,1,1592
j18,56,73,1,2500
j19,72,73,1,170
j20,26,73,1,1164
j21,95,73,1,1894
j22,42,73,1,6
j23,90,73,1,7044
j24,9,73,1,7243
j25,53,73,1,2366
j26,65,73,1,3859
j27,55,73,1,6594
j28,14,73,1,2259
j29,99,73,1,548
j30,41,73,1,2296
j31,38,73,1,4154
j32,38,73,1,6126
j33,28,73,1,614
j34,32,73,1,34
j35,92,73,1,4283
j36,81,73,1,1054
j37,39,73,1,1454
j38,88,73,1,3858
j39,29,73,1,182
j40,62,73,1,2713
j41,55,73,1,3620
j42,16,73,1,215
j43,9,73,1,1629
j44,42,73,1,2877
j45,70,73,1,2374
j46,86,73,1,2678
j47,49,73,1,3991
j48,84,73,1,1635
j49,41,73,1,1619
j50,77,73,1,3122
j51,51,73,1,6812
j52,3,73,1,639
j53,15,73,1,1867
j54,86,73,1,6509
j55,52,73,1,3282
j56,26,73,1,825
j57,31,73,1,2935
j58,1,73,1,11
j59,43,73,1,5844
j60,17,73,1,5268
j61,82,73,1,6690
j62,99,73,1,6050
j63,73,73,1,780
j64,2,73,1,4262
j65,77,73,1,974
j66,31,73,1,6035
j67,49,73,1,2994
j68,30,73,1,2137
j69,42,73,1,6595
j70,80,73,1,5980
j71,55,73,1,6982
j72,10,73,1,1789
j73,97,73,1,483
j74,87,73,1,276
j75,66,73,1,2983
j76,96,73,1,3057
j77,95,73,1,860
j78,76,73,1,76
j79,96,73,1,5370
j80,45,73,1,2144
j81,31,73,1,4372
j82,29,73,1,1425
j83,58,73,1,3404
j84,68,73,1,1126
j85,47,73,1,381
j86,59,73,1,3242
j87,72,73,1,2931
j88,82,73,1,4621
j89,16,73,1,814
j90,17,73,1,4130
j91,50,73,1,949
j92,45,73,1,4529
j93,70,73,1,284
j94,98,73,1,3680
j95,47,73,1,5272
j96,27,73,1,430
j97,63,73,1,6791
j98,66,73,1,6442
j99,49,73,1,997
j100,38,73,1,3731
