job,m1Time,m2Time,bufferUsage,dueTime
j1,73,53,1,1302
j2,54,53,1,4108
j3,36,53,1,2092
j4,24,53,1,2365
j5,48,53,1,261
j6,32,53,1,1473
j7,77,53,1,5037
j8,50,53,1,4554
j9,14,53,1,3801
j10,33,53,1,2953
j11,45,53,1,1871
j12,17,53,1,1685
j13,43,53,1,273
j14,52,53,1,4992
j15,92,53,1,3075
j16,80,53,1,3241
j17,17,53,1,1151
j18,38,53,1,622
j19,47,53,1,2257
j20,27,53,1,4808
j21,7,53,1,1678
j22,64,53,1,3940
j23,94,53,1,3323
j24,2,53,1,1806
j25,62,53,1,5180
j26,29,53,1,1502
j27,95,53,1,4763
j28,92,53,1,1043
j29,96,53,1,1759
j30,8,53,1,2738
j31,88,53,1,388
j32,95,53,1,3881
j33,99,53,1,3038
j34,91,53,1,1092
j35,69,53,1,3599
j36,97,53,1,4461
j37,15,53,1,5303
j38,62,53,1,3537
j39,68,53,1,9
j40,91,53,1,2942
j41,30,53,1,4386
j42,17,53,1,923
j43,41,53,1,5074
j44,57,53,1,4530
j45,87,53,1,3926
j46,39,53,1,2176
j47,4,53,1,5249
j48,41,53,1,1277
j49,52,53,1,3583
j50,30,53,1,5167
j51,53,53,1,5290
j52,37,53,1,910
j53,91,53,1,2807
j54,95,53,1,4568
j55,35,53,1,4744
j56,41,53,1,934
j57,68,53,1,2682
j58,95,53,1,3054
j59,29,53,1,3513
j60,48,53,1,455
j61,83,53,1,1938
j62,7,53,1,158
j63,92,53,1,3770
j64,53,53,1,2636
j65,91,53,1,2448
j66,59,53,1,2139
j67,55,53,1,4072
j68,61,53,1,828
j69,71,53,1,962
j70,83,53,1,216
j71,20,53,1,4892
j72,29,53,1,4976
j73,57,53,1,2470
j74,31,53,1,3455
j75,51,53,1,1474
j76,34,53,1,251
j77,81,53,1,4378
j78,75,53,1,4159
j79,97,53,1,2480
j80,55,53,1,2844
j81,62,53,1,632
j82,57,53,1,3305
j83,41,53,1,2409
j84,71,53,1,2247
j85,7,53,1,3002
j86,76,53,1,2855
j87,91,53,1,151
j88,60,53,1,1061
j89,53,53,1,3370
j90,6,53,1,2212
j91,22,53,1,3673
j92,2,53,1,1065
j93,4,53,1,2775
j94,53,53,1,1900
j95,51,53,1,3755
j96,60,53,1,231
j97,23,53,1,4011
j98,17,53,1,4189
j99,34,53,1,1842
j100,6,53,1,1692
