job,m1Time,m2Time,bufferUsage,dueTime
j1,96,71,96,1738
j2,86,71,86,5485
j3,4,71,4,2793
j4,5,71,5,3158
j5,16,71,16,348
j6,22,71,22,1967
j7,29,71,29,6726
j8,58,71,58,6081
j9,95,71,95,5075
j10,53,71,53,3943
j11,67,71,67,2499
j12,28,71,28,2250
j13,28,71,28,364
j14,47,71,47,6666
j15,43,71,43,4106
j16,28,71,28,4327
j17,89,71,89,1537
j18,62,71,62,831
j19,70,71,70,3014
j20,25,71,25,6420
j21,92,71,92,2241
j22,60,71,60,5260
j23,76,71,76,4437
j24,19,71,19,2411
j25,75,71,75,6917
j26,85,71,85,2005
j27,55,71,55,6360
j28,61,71,61,1393
j29,54,71,54,2348
j30,89,71,89,3655
j31,58,71,58,518
j32,62,71,62,5183
j33,2,71,2,4057
j34,64,71,64,1458
j35,66,71,66,4805
j36,20,71,20,5956
j37,66,71,66,7081
j38,70,71,70,4722
j39,49,71,49,12
j40,37,71,37,3928
j41,71,71,71,5856
j42,77,71,77,1232
j43,47,71,47,6774
j44,6,71,6,6049
j45,77,71,77,5243
j46,56,71,56,2905
j47,36,71,36,7009
j48,63,71,63,1705
j49,99,71,99,4784
j50,99,71,99,6900
j51,14,71,14,7063
j52,35,71,35,1216
j53,13,71,13,3748
j54,3,71,3,6100
j55,9,71,9,6334
j56,33,71,33,1247
j57,42,71,42,3582
j58,30,71,30,4078
j59,42,71,42,4690
j60,29,71,29,608
j61,58,71,58,2588
j62,37,71,37,211
j63,46,71,46,5033
j64,30,71,30,3519
j65,90,71,90,3269
j66,89,71,89,2856
j67,28,71,28,5436
j68,32,71,32,1106
j69,13,71,13,1284
j70,34,71,34,289
j71,42,71,42,6532
j72,52,71,52,6644
j73,96,71,96,3298
j74,36,71,36,4613
j75,93,71,93,1968
j76,78,71,78,335
j77,76,71,76,5845
j78,7,71,7,5553
j79,25,71,25,3311
j80,44,71,44,3798
j81,3,71,3,844
j82,46,71,46,4413
j83,84,71,84,3217
j84,63,71,63,3000
j85,13,71,13,4008
j86,87,71,87,3813
j87,49,71,49,202
j88,83,71,83,1416
j89,16,71,16,4499
j90,19,71,19,2953
j91,11,71,11,4904
j92,55,71,55,1422
j93,40,71,40,3705
j94,68,71,68,2537
j95,13,71,13,5014
j96,17,71,17,308
j97,80,71,80,5355
j98,72,71,72,5593
j99,19,71,19,2459
j100,53,71,53,2259
