job,m1Time,m2Time,bufferUsage,dueTime
j1,76,50,76,7930
j2,47,50,47,1154
j3,47,50,47,5424
j4,98,50,98,354
j5,7,50,7,1814
j6,39,50,39,4510
j7,29,50,29,4716
j8,66,50,66,7086
j9,65,50,65,4905
j10,77,50,77,3357
j11,2,50,2,5559
j12,10,50,10,794
j13,6,50,6,486
j14,22,50,22,1691
j15,45,50,45,3738
j16,73,50,73,384
j17,9,50,9,1718
j18,79,50,79,1293
j19,27,50,27,7285
j20,40,50,40,2419
j21,33,50,33,6467
j22,56,50,56,5843
j23,19,50,19,143
j24,97,50,97,2145
j25,36,50,36,2893
j26,50,50,50,486
j27,73,50,73,7283
j28,93,50,93,7863
j29,16,50,16,4455
j30,71,50,71,5392
j31,49,50,49,2215
j32,10,50,10,5966
j33,65,50,65,6487
j34,28,50,28,7722
j35,1,50,1,7348
j36,89,50,89,7117
j37,81,50,81,2342
j38,42,50,42,4552
j39,75,50,75,4237
j40,62,50,62,2326
j41,1,50,1,6272
j42,2,50,2,7256
j43,32,50,32,5752
j44,54,50,54,6576
j45,82,50,82,39
j46,57,50,57,1871
j47,56,50,56,80
j48,64,50,64,706
j49,15,50,15,1131
j50,80,50,80,1262
j51,40,50,40,1184
j52,80,50,80,4457
j53,50,50,50,7287
j54,51,50,51,3881
j55,97,50,97,7397
j56,85,50,85,2093
j57,10,50,10,832
j58,24,50,24,6896
j59,73,50,73,4033
j60,70,50,70,2742
j61,97,50,97,7249
j62,66,50,66,4467
j63,33,50,33,4221
j64,79,50,79,3396
j65,33,50,33,937
j66,83,50,83,4399
j67,82,50,82,5987
j68,12,50,12,8073
j69,30,50,30,1904
j70,12,50,12,3113
j71,44,50,44,3555
j72,26,50,26,2107
j73,44,50,44,7974
j74,22,50,22,1605
j75,49,50,49,3057
j76,43,50,43,783
j77,62,50,62,3449
j78,83,50,83,2140
j79,43,50,43,6171
j80,57,50,57,1507
j81,100,50,100,5358
j82,4,50,4,1487
j83,56,50,56,8014
j84,49,50,49,1026
j85,22,50,22,145
j86,22,50,22,1615
j87,19,50,19,2529
j88,37,50,37,4232
j89,1,50,1,7973
j90,97,50,97,7770
j91,24,50,24,4520
j92,91,50,91,6102
j93,81,50,81,4693
j94,88,50,88,1365
j95,38,50,38,223
j96,57,50,57,3980
j97,62,50,62,326
j98,21,50,21,5918
j99,52,50,52,425
j100,95,50,95,1689
j101,68,50,68,2538
j102,81,50,81,4308
j103,89,50,89,3947
j104,44,50,44,3349
j105,64,50,64,3609
j106,72,50,72,1988
j107,17,50,17,2153
j108,25,50,25,4833
j109,18,50,18,2118
j110,77,50,77,5885
j111,88,50,88,2138
j112,21,50,21,2601
j113,79,50,79,4387
j114,18,50,18,2652
j115,88,50,88,6933
j116,79,50,79,2042
j117,31,50,31,4292
j118,23,50,23,6928
j119,6,50,6,7088
j120,92,50,92,1940
j121,3,50,3,3776
j122,71,50,71,4895
j123,89,50,89,447
j124,25,50,25,205
j125,72,50,72,2530
j126,78,50,78,1249
j127,86,50,86,5864
j128,88,50,88,5696
j129,27,50,27,198
j130,27,50,27,7676
j131,67,50,67,8043
j132,11,50,11,4120
j133,83,50,83,2207
j134,63,50,63,4262
j135,92,50,92,5893
j136,20,50,20,1567
j137,85,50,85,7066
j138,98,50,98,655
j139,23,50,23,6080
j140,50,50,50,789
j141,84,50,84,6626
j142,58,50,58,5614
j143,31,50,31,1461
j144,21,50,21,1769
j145,32,50,32,7837
j146,66,50,66,4920
j147,3,50,3,7185
j148,24,50,24,7614
j149,92,50,92,1401
j150,2,50,2,43
