job,m1Time,m2Time,bufferUsage,dueTime
j1,50,74,50,1013
j2,90,74,90,280
j3,28,74,28,459
j4,74,74,74,400
j5,59,74,59,1014
j6,65,74,65,857
j7,91,74,91,3000
j8,12,74,12,3641
j9,41,74,41,2078
j10,90,74,90,1422
j11,55,74,55,1813
j12,56,74,56,325
j13,44,74,44,2837
j14,38,74,38,2771
j15,21,74,21,1698
j16,55,74,55,1242
j17,68,74,68,3452
j18,22,74,22,1774
j19,25,74,25,3543
j20,14,74,14,3496
j21,55,74,55,15
j22,6,74,6,3056
j23,83,74,83,1224
j24,10,74,10,835
j25,47,74,47,3636
j26,51,74,51,2083
j27,82,74,82,1326
j28,83,74,83,2788
j29,15,74,15,686
j30,28,74,28,207
j31,9,74,9,2806
j32,21,74,21,3202
j33,61,74,61,3461
j34,3,74,3,3311
j35,23,74,23,2201
j36,60,74,60,2859
j37,40,74,40,1591
j38,74,74,74,2573
j39,83,74,83,3137
j40,28,74,28,787
j41,87,74,87,1208
j42,7,74,7,3450
j43,86,74,86,2776
j44,62,74,62,987
j45,53,74,53,2907
j46,32,74,32,3199
j47,69,74,69,2598
j48,95,74,95,282
j49,98,74,98,1430
j50,88,74,88,228
