job,m1Time,m2Time,bufferUsage,dueTime
j1,50,54,1,646
j2,90,54,1,172
j3,28,54,1,1182
j4,74,54,1,1899
j5,59,54,1,1003
j6,65,54,1,2210
j7,91,54,1,2606
j8,12,54,1,70
j9,41,54,1,1239
j10,90,54,1,1011
j11,55,54,1,2254
j12,56,54,1,1269
j13,44,54,1,2027
j14,38,54,1,1175
j15,21,54,1,121
j16,55,54,1,209
j17,68,54,1,510
j18,22,54,1,1997
j19,25,54,1,1825
j20,14,54,1,2433
j21,55,54,1,1944
j22,6,54,1,725
j23,83,54,1,93
j24,10,54,1,723
j25,47,54,1,2655
j26,51,54,1,2325
j27,82,54,1,1087
j28,83,54,1,918
j29,15,54,1,1166
j30,28,54,1,1554
j31,9,54,1,165
j32,21,54,1,1032
j33,61,54,1,664
j34,3,54,1,2193
j35,23,54,1,2363
j36,60,54,1,1599
j37,40,54,1,2387
j38,74,54,1,2679
j39,83,54,1,785
j40,28,54,1,4
j41,87,54,1,2320
j42,7,54,1,1931
j43,86,54,1,2064
j44,62,54,1,675
j45,53,54,1,2289
j46,32,54,1,1550
j47,69,54,1,2257
j48,95,54,1,2481
j49,98,54,1,759
j50,88,54,1,1193
