job,m1Time,m2Time,bufferUsage,dueTime
j1,73,76,1,2490
j2,54,76,1,5338
j3,36,76,1,6430
j4,24,76,1,3898
j5,48,76,1,1968
j6,32,76,1,1731
j7,77,76,1,3283
j8,50,76,1,2809
j9,14,76,1,6913
j10,33,76,1,4032
j11,45,76,1,7276
j12,17,76,1,3939
j13,43,76,1,5029
j14,52,76,1,4272
j15,92,76,1,308
j16,80,76,1,3757
j17,17,76,1,3709
j18,38,76,1,2503
j19,47,76,1,7217
j20,27,76,1,1117
j21,7,76,1,5450
j22,64,76,1,4980
j23,94,76,1,3292
j24,2,76,1,6986
j25,62,76,1,1484
j26,29,76,1,41
j27,95,76,1,2767
j28,92,76,1,3586
j29,96,76,1,179
j30,8,76,1,3536
j31,88,76,1,592
j32,95,76,1,4388
j33,99,76,1,560
j34,91,76,1,1699
j35,69,76,1,5083
j36,97,76,1,441
j37,15,76,1,4155
j38,62,76,1,6634
j39,68,76,1,5794
j40,91,76,1,2026
j41,30,76,1,6426
j42,17,76,1,7202
j43,41,76,1,820
j44,57,76,1,1318
j45,87,76,1,2443
j46,39,76,1,3998
j47,4,76,1,5969
j48,41,76,1,3843
j49,52,76,1,901
j50,30,76,1,26
j51,53,76,1,1139
j52,37,76,1,1420
j53,91,76,1,6103
j54,95,76,1,3248
j55,35,76,1,5765
j56,41,76,1,2804
j57,68,76,1,2513
j58,95,76,1,7091
j59,29,76,1,1199
j60,48,76,1,2460
j61,83,76,1,4553
j62,7,76,1,4329
j63,92,76,1,7223
j64,53,76,1,492
j65,91,76,1,6992
j66,59,76,1,3258
j67,55,76,1,2838
j68,61,76,1,4121
j69,71,76,1,7485
j70,83,76,1,6290
j71,20,76,1,4921
j72,29,76,1,7135
j73,57,76,1,7503
j74,31,76,1,4128
j75,51,76,1,4924
j76,34,76,1,2448
j77,81,76,1,4962
j78,75,76,1,977
j79,97,76,1,6148
j80,55,76,1,2374
j81,62,76,1,1764
j82,57,76,1,572
j83,41,76,1,6514
j84,71,76,1,7140
j85,7,76,1,6723
j86,76,76,1,4657
j87,91,76,1,6509
j88,60,76,1,1149
j89,53,76,1,2769
j90,6,76,1,5409
j91,22,76,1,6710
j92,2,76,1,3981
j93,4,76,1,6760
j94,53,76,1,5732
j95,51,76,1,3768
j96,60,76,1,1260
j97,23,76,1,4630
j98,17,76,1,2455
j99,34,76,1,3595
j100,6,76,1,2075
