job,m1Time,m2Time,bufferUsage,dueTime
j1,50,26,1,1028
j2,90,26,1,1923
j3,28,26,1,2055
j4,74,26,1,912
j5,59,26,1,72
j6,65,26,1,854
j7,91,26,1,2144
j8,12,26,1,406
j9,41,26,1,1876
j10,90,26,1,2284
j11,55,26,1,708
j12,56,26,1,1295
j13,44,26,1,1781
j14,38,26,1,37
j15,21,26,1,555
j16,55,26,1,810
j17,68,26,1,2470
j18,22,26,1,1441
j19,25,26,1,903
j20,14,26,1,410
j21,55,26,1,1232
j22,6,26,1,1577
j23,83,26,1,1593
j24,10,26,1,146
j25,47,26,1,1637
j26,51,26,1,1960
j27,82,26,1,1477
j28,83,26,1,932
j29,15,26,1,1958
j30,28,26,1,818
j31,9,26,1,1201
j32,21,26,1,792
j33,61,26,1,48
j34,3,26,1,1746
j35,23,26,1,138
j36,60,26,1,1564
j37,40,26,1,2461
j38,74,26,1,952
j39,83,26,1,2068
j40,28,26,1,941
j41,87,26,1,1579
j42,7,26,1,1381
j43,86,26,1,637
j44,62,26,1,749
j45,53,26,1,2133
j46,32,26,1,688
j47,69,26,1,15
j48,95,26,1,2266
j49,98,26,1,757
j50,88,26,1,926
