job,m1Time,m2Time,bufferUsage,dueTime
j1,5,44,5,7498
j2,67,44,67,6452
j3,90,44,90,6824
j4,19,44,19,6370
j5,96,44,96,120
j6,9,44,9,7622
j7,79,44,79,1659
j8,74,44,74,1897
j9,8,44,8,5892
j10,31,44,31,2817
j11,76,44,76,6105
j12,33,44,33,2362
j13,5,44,5,1940
j14,18,44,18,4541
j15,54,44,54,2641
j16,82,44,82,6694
j17,35,44,35,1856
j18,84,44,84,1591
j19,2,44,2,3028
j20,84,44,84,5127
j21,61,44,61,7302
j22,95,44,95,2206
j23,22,44,22,2896
j24,94,44,94,5688
j25,55,44,55,6026
j26,83,44,83,1909
j27,3,44,3,5264
j28,35,44,35,5911
j29,81,44,81,2275
j30,18,44,18,5479
j31,33,44,33,7355
j32,79,44,79,5327
j33,28,44,28,5546
j34,36,44,36,592
j35,74,44,74,4227
j36,16,44,16,1489
j37,27,44,27,5012
j38,32,44,32,1801
j39,3,44,3,7455
j40,20,44,20,6876
j41,33,44,33,4577
j42,59,44,59,6016
j43,3,44,3,7056
j44,86,44,86,263
j45,24,44,24,2271
j46,95,44,95,6788
j47,23,44,23,1966
j48,96,44,96,3857
j49,93,44,93,7112
j50,33,44,33,3746
j51,91,44,91,6682
j52,25,44,25,1595
j53,6,44,6,4473
j54,49,44,49,3437
j55,36,44,36,4676
j56,34,44,34,5781
j57,44,44,44,851
j58,12,44,12,2836
j59,6,44,6,243
j60,47,44,47,2897
j61,94,44,94,1833
j62,36,44,36,487
j63,15,44,15,3351
j64,27,44,27,5385
j65,63,44,63,2845
j66,24,44,24,6269
j67,76,44,76,7392
j68,46,44,46,197
j69,80,44,80,3514
j70,6,44,6,2867
j71,42,44,42,6394
j72,53,44,53,3599
j73,58,44,58,5749
j74,84,44,84,3332
j75,67,44,67,342
j76,74,44,74,593
j77,28,44,28,1445
j78,65,44,65,5665
j79,38,44,38,5177
j80,91,44,91,6900
j81,37,44,37,5513
j82,50,44,50,2055
j83,80,44,80,262
j84,11,44,11,2051
j85,1,44,1,7531
j86,100,44,100,6596
j87,21,44,21,3081
j88,68,44,68,2603
j89,25,44,25,3307
j90,11,44,11,4407
j91,80,44,80,467
j92,41,44,41,2927
j93,36,44,36,1884
j94,88,44,88,6220
j95,57,44,57,6701
j96,96,44,96,4536
j97,44,44,44,6771
j98,64,44,64,7599
j99,35,44,35,2225
j100,5,44,5,9
j101,91,44,91,6582
j102,58,44,58,5476
j103,98,44,98,5855
j104,66,44,66,1913
j105,66,44,66,6492
j106,21,44,21,4397
j107,54,44,54,6402
j108,27,44,27,7036
j109,34,44,34,2153
j110,21,44,21,3384
j111,80,44,80,3074
j112,83,44,83,5754
j113,88,44,88,6149
j114,37,44,37,2728
j115,90,44,90,214
j116,37,44,37,2553
j117,44,44,44,6414
j118,95,44,95,1215
j119,83,44,83,5611
j120,63,44,63,6833
j121,6,44,6,2117
j122,7,44,7,3874
j123,63,44,63,5328
j124,67,44,67,111
j125,76,44,76,1659
j126,26,44,26,2424
j127,72,44,72,7389
j128,30,44,30,4309
j129,22,44,22,2701
j130,37,44,37,1227
j131,70,44,70,3686
j132,51,44,51,4717
j133,12,44,12,4765
j134,27,44,27,435
j135,27,44,27,4896
j136,37,44,37,5862
j137,87,44,87,4418
j138,14,44,14,2788
j139,12,44,12,5857
j140,98,44,98,2447
j141,24,44,24,3592
j142,69,44,69,2367
j143,67,44,67,144
j144,48,44,48,5221
j145,10,44,10,411
j146,28,44,28,4679
j147,77,44,77,7362
j148,67,44,67,2848
j149,12,44,12,6185
j150,29,44,29,2814
