job,m1Time,m2Time,bufferUsage,dueTime
j1,87,26,1,558
j2,98,26,1,7123
j3,11,26,1,5413
j4,33,26,1,5283
j5,55,26,1,4829
j6,24,26,1,5833
j7,56,26,1,570
j8,87,26,1,685
j9,61,26,1,3057
j10,54,26,1,1405
j11,8,26,1,3855
j12,74,26,1,5651
j13,73,26,1,3195
j14,78,26,1,682
j15,54,26,1,3076
j16,90,26,1,448
j17,100,26,1,1416
j18,32,26,1,6768
j19,80,26,1,4759
j20,58,26,1,6016
j21,55,26,1,4473
j22,32,26,1,166
j23,26,26,1,6645
j24,55,26,1,4108
j25,51,26,1,4549
j26,16,26,1,1779
j27,17,26,1,429
j28,51,26,1,3377
j29,4,26,1,7094
j30,85,26,1,5739
j31,14,26,1,5637
j32,16,26,1,2811
j33,2,26,1,5615
j34,55,26,1,728
j35,48,26,1,3954
j36,39,26,1,1149
j37,56,26,1,5432
j38,3,26,1,4258
j39,37,26,1,5523
j40,28,26,1,2353
j41,23,26,1,5414
j42,32,26,1,3264
j43,42,26,1,1143
j44,67,26,1,4379
j45,42,26,1,814
j46,26,26,1,6167
j47,96,26,1,1214
j48,91,26,1,5606
j49,91,26,1,1640
j50,88,26,1,3655
j51,31,26,1,2284
j52,61,26,1,510
j53,99,26,1,745
j54,7,26,1,3642
j55,30,26,1,2140
j56,56,26,1,2748
j57,64,26,1,1024
j58,50,26,1,239
j59,39,26,1,1105
j60,2,26,1,1328
j61,7,26,1,2025
j62,85,26,1,4182
j63,77,26,1,2477
j64,46,26,1,598
j65,82,26,1,3385
j66,52,26,1,3958
j67,87,26,1,2732
j68,12,26,1,3185
j69,72,26,1,806
j70,45,26,1,2038
j71,86,26,1,2511
j72,26,26,1,1036
j73,33,26,1,6972
j74,11,26,1,996
j75,86,26,1,7409
j76,97,26,1,1371
j77,94,26,1,6822
j78,24,26,1,7317
j79,94,26,1,1173
j80,42,26,1,7446
j81,100,26,1,4178
j82,45,26,1,6058
j83,91,26,1,2653
j84,67,26,1,435
j85,45,26,1,5242
j86,24,26,1,6193
j87,90,26,1,3242
j88,29,26,1,6861
j89,33,26,1,5920
j90,72,26,1,1542
j91,97,26,1,4320
j92,22,26,1,6031
j93,92,26,1,6252
j94,65,26,1,2399
j95,18,26,1,7260
j96,27,26,1,2622
j97,59,26,1,2779
j98,10,26,1,7483
j99,53,26,1,1792
j100,92,26,1,6524
j101,58,26,1,1027
j102,15,26,1,1013
j103,88,26,1,1026
j104,8,26,1,5048
j105,54,26,1,159
j106,19,26,1,1576
j107,76,26,1,3013
j108,19,26,1,4531
j109,53,26,1,6519
j110,87,26,1,6845
j111,78,26,1,745
j112,83,26,1,2258
j113,54,26,1,1222
j114,14,26,1,4400
j115,26,26,1,5896
j116,25,26,1,3251
j117,39,26,1,5171
j118,88,26,1,249
j119,72,26,1,6732
j120,90,26,1,2724
j121,38,26,1,2951
j122,3,26,1,7294
j123,87,26,1,5511
j124,50,26,1,1438
j125,37,26,1,5925
j126,9,26,1,2442
j127,46,26,1,5275
j128,41,26,1,3856
j129,40,26,1,7270
j130,7,26,1,5948
j131,26,26,1,4008
j132,3,26,1,3841
j133,51,26,1,1845
j134,55,26,1,3344
j135,42,26,1,1513
j136,5,26,1,3284
j137,52,26,1,1611
j138,33,26,1,2195
j139,47,26,1,88
j140,90,26,1,1778
j141,25,26,1,4601
j142,57,26,1,2704
j143,17,26,1,3656
j144,25,26,1,5088
j145,66,26,1,4814
j146,54,26,1,4095
j147,46,26,1,3952
j148,20,26,1,3005
j149,88,26,1,1376
j150,34,26,1,545
