job,m1Time,m2Time,bufferUsage,dueTime
j1,96,48,96,1148
j2,86,48,86,4658
j3,4,48,4,1375
j4,5,48,5,1218
j5,16,48,16,4976
j6,22,48,22,1955
j7,29,48,29,3306
j8,58,48,58,3956
j9,95,48,95,82
j10,53,48,53,2153
j11,67,48,67,3765
j12,28,48,28,2120
j13,28,48,28,454
j14,47,48,47,649
j15,43,48,43,6
j16,28,48,28,3180
j17,89,48,89,1455
j18,62,48,62,4206
j19,70,48,70,4191
j20,25,48,25,455
j21,92,48,92,3655
j22,60,48,60,4120
j23,76,48,76,4804
j24,19,48,19,2691
j25,75,48,75,1477
j26,85,48,85,246
j27,55,48,55,409
j28,61,48,61,3830
j29,54,48,54,4463
j30,89,48,89,3897
j31,58,48,58,2102
j32,62,48,62,4627
j33,2,48,2,430
j34,64,48,64,2861
j35,66,48,66,1017
j36,20,48,20,1735
j37,66,48,66,2827
j38,70,48,70,1499
j39,49,48,49,268
j40,37,48,37,3412
j41,71,48,71,4445
j42,77,48,77,474
j43,47,48,47,4517
j44,6,48,6,785
j45,77,48,77,3163
j46,56,48,56,4223
j47,36,48,36,4532
j48,63,48,63,3394
j49,99,48,99,2063
j50,99,48,99,3281
j51,14,48,14,2291
j52,35,48,35,1035
j53,13,48,13,5133
j54,3,48,3,3884
j55,9,48,9,4930
j56,33,48,33,1924
j57,42,48,42,4270
j58,30,48,30,4152
j59,42,48,42,2001
j60,29,48,29,3885
j61,58,48,58,5103
j62,37,48,37,119
j63,46,48,46,1557
j64,30,48,30,2051
j65,90,48,90,2335
j66,89,48,89,2553
j67,28,48,28,1172
j68,32,48,32,296
j69,13,48,13,1092
j70,34,48,34,5006
j71,42,48,42,243
j72,52,48,52,52
j73,96,48,96,1170
j74,36,48,36,663
j75,93,48,93,2766
j76,78,48,78,4420
j77,76,48,76,2769
j78,7,48,7,1190
j79,25,48,25,4593
j80,44,48,44,1719
j81,3,48,3,3919
j82,46,48,46,2074
j83,84,48,84,2658
j84,63,48,63,4196
j85,13,48,13,2963
j86,87,48,87,787
j87,49,48,49,2238
j88,83,48,83,3148
j89,16,48,16,4275
j90,19,48,19,4776
j91,11,48,11,671
j92,55,48,55,2264
j93,40,48,40,3732
j94,68,48,68,4071
j95,13,48,13,4331
j96,17,48,17,255
j97,80,48,80,4907
j98,72,48,72,999
j99,19,48,19,2042
j100,53,48,53,446
