job,m1Time,m2Time,bufferUsage,dueTime
j1,50,77,50,529
j2,18,77,18,1463
j3,21,77,21,576
j4,14,77,14,2096
j5,39,77,39,3541
j6,23,77,23,203
j7,82,77,82,1445
j8,54,77,54,3594
j9,67,77,67,1133
j10,30,77,30,2667
j11,80,77,80,1904
j12,60,77,60,1001
j13,60,77,60,1334
j14,83,77,83,1887
j15,20,77,20,235
j16,66,77,66,3404
j17,40,77,40,1057
j18,3,77,3,1177
j19,60,77,60,3666
j20,55,77,55,337
j21,49,77,49,1833
j22,32,77,32,2047
j23,83,77,83,991
j24,81,77,81,3274
j25,25,77,25,485
j26,98,77,98,1198
j27,78,77,78,2946
j28,54,77,54,137
j29,95,77,95,116
j30,16,77,16,2105
j31,38,77,38,2391
j32,18,77,18,3326
j33,27,77,27,506
j34,71,77,71,3742
j35,95,77,95,1718
j36,17,77,17,2055
j37,38,77,38,1896
j38,16,77,16,863
j39,92,77,92,2584
j40,81,77,81,233
j41,15,77,15,3178
j42,17,77,17,3061
j43,19,77,19,3359
j44,71,77,71,110
j45,25,77,25,894
j46,84,77,84,1467
j47,92,77,92,1830
j48,51,77,51,2343
j49,2,77,2,58
j50,28,77,28,2046
