job,m1Time,m2Time,bufferUsage,dueTime
j1,50,77,1,1472
j2,18,77,1,3171
j3,21,77,1,2140
j4,14,77,1,1107
j5,39,77,1,2649
j6,23,77,1,3577
j7,82,77,1,2524
j8,54,77,1,2261
j9,67,77,1,484
j10,30,77,1,3000
j11,80,77,1,1107
j12,60,77,1,592
j13,60,77,1,2422
j14,83,77,1,2530
j15,20,77,1,1307
j16,66,77,1,3097
j17,40,77,1,3622
j18,3,77,1,580
j19,60,77,1,2764
j20,55,77,1,3526
j21,49,77,1,317
j22,32,77,1,3648
j23,83,77,1,732
j24,81,77,1,465
j25,25,77,1,2479
j26,98,77,1,2619
j27,78,77,1,1932
j28,54,77,1,1532
j29,95,77,1,1247
j30,16,77,1,79
j31,38,77,1,3185
j32,18,77,1,8
j33,27,77,1,1166
j34,71,77,1,1296
j35,95,77,1,1911
j36,17,77,1,1766
j37,38,77,1,3813
j38,16,77,1,2755
j39,92,77,1,1378
j40,81,77,1,529
j41,15,77,1,1461
j42,17,77,1,1942
j43,19,77,1,1330
j44,71,77,1,3744
j45,25,77,1,918
j46,84,77,1,41
j47,92,77,1,426
j48,51,77,1,3722
j49,2,77,1,1489
j50,28,77,1,2169
