job,m1Time,m2Time,bufferUsage,dueTime
j1,74,78,1,3694
j2,92,78,1,3697
j3,71,78,1,1324
j4,56,78,1,809
j5,19,78,1,3566
j6,51,78,1,2853
j7,99,78,1,1795
j8,41,78,1,2388
j9,43,78,1,2808
j10,78,78,1,3807
j11,33,78,1,1842
j12,4,78,1,1125
j13,76,78,1,2946
j14,47,78,1,2332
j15,30,78,1,3418
j16,93,78,1,2514
j17,27,78,1,2949
j18,37,78,1,838
j19,98,78,1,1956
j20,93,78,1,3754
j21,66,78,1,3528
j22,71,78,1,52
j23,51,78,1,2840
j24,49,78,1,326
j25,99,78,1,1334
j26,63,78,1,2210
j27,31,78,1,3294
j28,99,78,1,978
j29,24,78,1,2397
j30,73,78,1,1232
j31,65,78,1,2482
j32,39,78,1,36
j33,78,78,1,1190
j34,12,78,1,1321
j35,1,78,1,3522
j36,5,78,1,1548
j37,48,78,1,1280
j38,60,78,1,214
j39,70,78,1,1209
j40,89,78,1,1206
j41,89,78,1,1090
j42,57,78,1,381
j43,42,78,1,2690
j44,82,78,1,3082
j45,55,78,1,2019
j46,43,78,1,960
j47,59,78,1,1968
j48,80,78,1,2114
j49,74,78,1,3616
j50,1,78,1,3479
