job,m1Time,m2Time,bufferUsage,dueTime
j1,76,24,76,7011
j2,47,24,47,5500
j3,47,24,47,5993
j4,98,24,98,4850
j5,7,24,7,5877
j6,39,24,39,5640
j7,29,24,29,1274
j8,66,24,66,6488
j9,65,24,65,4495
j10,77,24,77,5740
j11,2,24,2,4203
j12,10,24,10,138
j13,6,24,6,142
j14,22,24,22,6713
j15,45,24,45,6987
j16,73,24,73,5009
j17,9,24,9,2977
j18,79,24,79,4080
j19,27,24,27,6045
j20,40,24,40,6090
j21,33,24,33,6979
j22,56,24,56,7043
j23,19,24,19,5701
j24,97,24,97,364
j25,36,24,36,558
j26,50,24,50,6142
j27,73,24,73,3737
j28,93,24,93,4110
j29,16,24,16,1573
j30,71,24,71,6484
j31,49,24,49,1002
j32,10,24,10,5057
j33,65,24,65,42
j34,28,24,28,217
j35,1,24,1,762
j36,89,24,89,4543
j37,81,24,81,3853
j38,42,24,42,4910
j39,75,24,75,4416
j40,62,24,62,5004
j41,1,24,1,5944
j42,2,24,2,6570
j43,32,24,32,4832
j44,54,24,54,3273
j45,82,24,82,3391
j46,57,24,57,5861
j47,56,24,56,1260
j48,64,24,64,1219
j49,15,24,15,5997
j50,80,24,80,4843
j51,40,24,40,6803
j52,80,24,80,2535
j53,50,24,50,3545
j54,51,24,51,5824
j55,97,24,97,4921
j56,85,24,85,527
j57,10,24,10,4697
j58,24,24,24,3707
j59,73,24,73,7068
j60,70,24,70,1652
j61,97,24,97,5731
j62,66,24,66,4345
j63,33,24,33,144
j64,79,24,79,3973
j65,33,24,33,4991
j66,83,24,83,6543
j67,82,24,82,1353
j68,12,24,12,4854
j69,30,24,30,4308
j70,12,24,12,5857
j71,44,24,44,3009
j72,26,24,26,684
j73,44,24,44,3012
j74,22,24,22,650
j75,49,24,49,2174
j76,43,24,43,2594
j77,62,24,62,6522
j78,83,24,83,7541
j79,43,24,43,6339
j80,57,24,57,4413
j81,100,24,100,6612
j82,4,24,4,2636
j83,56,24,56,3856
j84,49,24,49,245
j85,22,24,22,2515
j86,22,24,22,4973
j87,19,24,19,2877
j88,37,24,37,6237
j89,1,24,1,4486
j90,97,24,97,2274
j91,24,24,24,6340
j92,91,24,91,7498
j93,81,24,81,3342
j94,88,24,88,5552
j95,38,24,38,5637
j96,57,24,57,5338
j97,62,24,62,3780
j98,21,24,21,6275
j99,52,24,52,4350
j100,95,24,95,3800
j101,68,24,68,683
j102,81,24,81,4521
j103,89,24,89,7559
j104,44,24,44,4210
j105,64,24,64,2199
j106,72,24,72,3526
j107,17,24,17,1537
j108,25,24,25,4327
j109,18,24,18,280
j110,77,24,77,5919
j111,88,24,88,6845
j112,21,24,21,2273
j113,79,24,79,553
j114,18,24,18,435
j115,88,24,88,3150
j116,79,24,79,4713
j117,31,24,31,2105
j118,23,24,23,2152
j119,6,24,6,4653
j120,92,24,92,7079
j121,3,24,3,1972
j122,71,24,71,2189
j123,89,24,89,98
j124,25,24,25,7402
j125,72,24,72,360
j126,78,24,78,7176
j127,86,24,86,7230
j128,88,24,88,71
j129,27,24,27,5928
j130,27,24,27,1527
j131,67,24,67,5312
j132,11,24,11,504
j133,83,24,83,4441
j134,63,24,63,656
j135,92,24,92,4904
j136,20,24,20,4101
j137,85,24,85,5675
j138,98,24,98,1784
j139,23,24,23,2783
j140,50,24,50,1636
j141,84,24,84,7180
j142,58,24,58,4031
j143,31,24,31,644
j144,21,24,21,5486
j145,32,24,32,3063
j146,66,24,66,3826
j147,3,24,3,1374
j148,24,24,24,4389
j149,92,24,92,339
j150,2,24,2,7218
