job,m1Time,m2Time,bufferUsage,dueTime
j1,87,50,1,5232
j2,98,50,1,7398
j3,11,50,1,3597
j4,33,50,1,3092
j5,55,50,1,5458
j6,24,50,1,7416
j7,56,50,1,1771
j8,87,50,1,5781
j9,61,50,1,3226
j10,54,50,1,1940
j11,8,50,1,3234
j12,74,50,1,5908
j13,73,50,1,6904
j14,78,50,1,4703
j15,54,50,1,5958
j16,90,50,1,7430
j17,100,50,1,3137
j18,32,50,1,6365
j19,80,50,1,2497
j20,58,50,1,5284
j21,55,50,1,1287
j22,32,50,1,2347
j23,26,50,1,2378
j24,55,50,1,1582
j25,51,50,1,4358
j26,16,50,1,366
j27,17,50,1,2334
j28,51,50,1,158
j29,4,50,1,2856
j30,85,50,1,7283
j31,14,50,1,5955
j32,16,50,1,2841
j33,2,50,1,517
j34,55,50,1,3518
j35,48,50,1,7089
j36,39,50,1,5297
j37,56,50,1,3128
j38,3,50,1,2641
j39,37,50,1,6510
j40,28,50,1,651
j41,23,50,1,7210
j42,32,50,1,1010
j43,42,50,1,2971
j44,67,50,1,3683
j45,42,50,1,2677
j46,26,50,1,3386
j47,96,50,1,2865
j48,91,50,1,2626
j49,91,50,1,4153
j50,88,50,1,7373
j51,31,50,1,4787
j52,61,50,1,696
j53,99,50,1,3402
j54,7,50,1,2047
j55,30,50,1,4552
j56,56,50,1,4807
j57,64,50,1,4952
j58,50,50,1,6254
j59,39,50,1,5097
j60,2,50,1,654
j61,7,50,1,5282
j62,85,50,1,717
j63,77,50,1,428
j64,46,50,1,981
j65,82,50,1,216
j66,52,50,1,5634
j67,87,50,1,6125
j68,12,50,1,7580
j69,72,50,1,2839
j70,45,50,1,2870
j71,86,50,1,5374
j72,26,50,1,3049
j73,33,50,1,1434
j74,11,50,1,1822
j75,86,50,1,877
j76,97,50,1,467
j77,94,50,1,1937
j78,24,50,1,5338
j79,94,50,1,5130
j80,42,50,1,32
j81,100,50,1,5162
j82,45,50,1,1405
j83,91,50,1,3289
j84,67,50,1,198
j85,45,50,1,5739
j86,24,50,1,4056
j87,90,50,1,1774
j88,29,50,1,5294
j89,33,50,1,5707
j90,72,50,1,6478
j91,97,50,1,1497
j92,22,50,1,4075
j93,92,50,1,4579
j94,65,50,1,2191
j95,18,50,1,3218
j96,27,50,1,1207
j97,59,50,1,6990
j98,10,50,1,444
j99,53,50,1,321
j100,92,50,1,5272
j101,58,50,1,5373
j102,15,50,1,2880
j103,88,50,1,7011
j104,8,50,1,6532
j105,54,50,1,5813
j106,19,50,1,5570
j107,76,50,1,307
j108,19,50,1,3945
j109,53,50,1,6128
j110,87,50,1,4954
j111,78,50,1,7400
j112,83,50,1,3283
j113,54,50,1,3503
j114,14,50,1,6627
j115,26,50,1,570
j116,25,50,1,7183
j117,39,50,1,6331
j118,88,50,1,4719
j119,72,50,1,4597
j120,90,50,1,4611
j121,38,50,1,6286
j122,3,50,1,3310
j123,87,50,1,4861
j124,50,50,1,4142
j125,37,50,1,6865
j126,9,50,1,6981
j127,46,50,1,2375
j128,41,50,1,868
j129,40,50,1,6920
j130,7,50,1,185
j131,26,50,1,5379
j132,3,50,1,6410
j133,51,50,1,2733
j134,55,50,1,2054
j135,42,50,1,3735
j136,5,50,1,2113
j137,52,50,1,5876
j138,33,50,1,923
j139,47,50,1,6357
j140,90,50,1,3178
j141,25,50,1,1769
j142,57,50,1,2587
j143,17,50,1,5922
j144,25,50,1,1835
j145,66,50,1,249
j146,54,50,1,2501
j147,46,50,1,5861
j148,20,50,1,4057
j149,88,50,1,7519
j150,34,50,1,1779
