job,m1Time,m2Time,bufferUsage,dueTime
j1,74,40,74,885
j2,92,40,92,1104
j3,71,40,71,1025
j4,56,40,56,1719
j5,19,40,19,800
j6,51,40,51,372
j7,99,40,99,546
j8,41,40,41,2681
j9,43,40,43,1946
j10,78,40,78,1739
j11,33,40,33,1994
j12,4,40,4,1962
j13,76,40,76,40
j14,47,40,47,1405
j15,30,40,30,1408
j16,93,40,93,458
j17,27,40,27,1215
j18,37,40,37,1890
j19,98,40,98,1285
j20,93,40,93,2563
j21,66,40,66,2034
j22,71,40,71,712
j23,51,40,51,2864
j24,49,40,49,1516
j25,99,40,99,1712
j26,63,40,63,1000
j27,31,40,31,402
j28,99,40,99,1120
j29,24,40,24,1929
j30,73,40,73,1011
j31,65,40,65,2128
j32,39,40,39,271
j33,78,40,78,1305
j34,12,40,12,2406
j35,1,40,1,1049
j36,5,40,5,1901
j37,48,40,48,481
j38,60,40,60,252
j39,70,40,70,1367
j40,89,40,89,1967
j41,89,40,89,1631
j42,57,40,57,2826
j43,42,40,42,366
j44,82,40,82,2404
j45,55,40,55,151
j46,43,40,43,254
j47,59,40,59,708
j48,80,40,80,881
j49,74,40,74,2714
j50,1,40,1,74
