job,m1Time,m2Time,bufferUsage,dueTime
j1,73,53,73,1810
j2,54,53,54,5169
j3,36,53,36,4159
j4,24,53,24,1478
j5,48,53,48,4355
j6,32,53,32,4794
j7,77,53,77,3892
j8,50,53,50,423
j9,14,53,14,2143
j10,33,53,33,342
j11,45,53,45,3739
j12,17,53,17,4227
j13,43,53,43,4802
j14,52,53,52,714
j15,92,53,92,3456
j16,80,53,80,3339
j17,17,53,17,1901
j18,38,53,38,907
j19,47,53,47,1240
j20,27,53,27,2683
j21,7,53,7,5049
j22,64,53,64,2715
j23,94,53,94,1992
j24,2,53,2,2129
j25,62,53,62,1876
j26,29,53,29,3848
j27,95,53,95,4411
j28,92,53,92,2811
j29,96,53,96,4468
j30,8,53,8,122
j31,88,53,88,4271
j32,95,53,95,4677
j33,99,53,99,2535
j34,91,53,91,3219
j35,69,53,69,4798
j36,97,53,97,4261
j37,15,53,15,4902
j38,62,53,62,1711
j39,68,53,68,1844
j40,91,53,91,1099
j41,30,53,30,4367
j42,17,53,17,1379
j43,41,53,41,4230
j44,57,53,57,950
j45,87,53,87,4368
j46,39,53,39,3124
j47,4,53,4,3039
j48,41,53,41,3178
j49,52,53,52,416
j50,30,53,30,4304
j51,53,53,53,65
j52,37,53,37,2180
j53,91,53,91,2502
j54,95,53,95,1661
j55,35,53,35,3109
j56,41,53,41,4556
j57,68,53,68,4466
j58,95,53,95,3199
j59,29,53,29,3629
j60,48,53,48,4511
j61,83,53,83,3731
j62,7,53,7,2700
j63,92,53,92,2985
j64,53,53,53,4564
j65,91,53,91,4137
j66,59,53,59,3128
j67,55,53,55,3518
j68,61,53,61,4881
j69,71,53,71,2732
j70,83,53,83,4948
j71,20,53,20,785
j72,29,53,29,1130
j73,57,53,57,3867
j74,31,53,31,1961
j75,51,53,51,2324
j76,34,53,34,2934
j77,81,53,81,1378
j78,75,53,75,2605
j79,97,53,97,1593
j80,55,53,55,2718
j81,62,53,62,4728
j82,57,53,57,816
j83,41,53,41,4826
j84,71,53,71,2760
j85,7,53,7,864
j86,76,53,76,3696
j87,91,53,91,4007
j88,60,53,60,85
j89,53,53,53,1742
j90,6,53,6,633
j91,22,53,22,2202
j92,2,53,2,3058
j93,4,53,4,2083
j94,53,53,53,3345
j95,51,53,51,5259
j96,60,53,60,2469
j97,23,53,23,3609
j98,17,53,17,5346
j99,34,53,34,5385
j100,6,53,6,542
