job,m1Time,m2Time,bufferUsage,dueTime
j1,76,24,1,2924
j2,47,24,1,2137
j3,47,24,1,2327
j4,98,24,1,3788
j5,7,24,1,6754
j6,39,24,1,1204
j7,29,24,1,260
j8,66,24,1,2186
j9,65,24,1,352
j10,77,24,1,3621
j11,2,24,1,98
j12,10,24,1,6966
j13,6,24,1,1486
j14,22,24,1,6304
j15,45,24,1,1204
j16,73,24,1,2028
j17,9,24,1,3197
j18,79,24,1,2413
j19,27,24,1,193
j20,40,24,1,2691
j21,33,24,1,2881
j22,56,24,1,7028
j23,19,24,1,3246
j24,97,24,1,5110
j25,36,24,1,7260
j26,50,24,1,2431
j27,73,24,1,1411
j28,93,24,1,6518
j29,16,24,1,4952
j30,71,24,1,1795
j31,49,24,1,3471
j32,10,24,1,3345
j33,65,24,1,5502
j34,28,24,1,6498
j35,1,24,1,5726
j36,89,24,1,4591
j37,81,24,1,1019
j38,42,24,1,5138
j39,75,24,1,2027
j40,62,24,1,2145
j41,1,24,1,369
j42,2,24,1,3865
j43,32,24,1,5004
j44,54,24,1,6699
j45,82,24,1,7203
j46,57,24,1,6199
j47,56,24,1,3363
j48,64,24,1,7085
j49,15,24,1,2823
j50,80,24,1,2942
j51,40,24,1,1633
j52,80,24,1,2653
j53,50,24,1,4307
j54,51,24,1,6629
j55,97,24,1,5852
j56,85,24,1,6077
j57,10,24,1,4021
j58,24,24,1,7387
j59,73,24,1,604
j60,70,24,1,3656
j61,97,24,1,4714
j62,66,24,1,7019
j63,33,24,1,512
j64,79,24,1,3447
j65,33,24,1,4447
j66,83,24,1,6193
j67,82,24,1,4629
j68,12,24,1,2625
j69,30,24,1,1035
j70,12,24,1,4642
j71,44,24,1,3296
j72,26,24,1,6989
j73,44,24,1,4523
j74,22,24,1,7334
j75,49,24,1,562
j76,43,24,1,3186
j77,62,24,1,1256
j78,83,24,1,3755
j79,43,24,1,966
j80,57,24,1,5177
j81,100,24,1,1146
j82,4,24,1,4742
j83,56,24,1,5938
j84,49,24,1,2846
j85,22,24,1,3655
j86,22,24,1,4413
j87,19,24,1,1221
j88,37,24,1,6601
j89,1,24,1,4921
j90,97,24,1,6663
j91,24,24,1,6323
j92,91,24,1,3701
j93,81,24,1,6896
j94,88,24,1,6032
j95,38,24,1,5786
j96,57,24,1,2532
j97,62,24,1,1864
j98,21,24,1,5760
j99,52,24,1,1277
j100,95,24,1,5735
j101,68,24,1,612
j102,81,24,1,3664
j103,89,24,1,820
j104,44,24,1,1223
j105,64,24,1,2575
j106,72,24,1,4629
j107,17,24,1,7264
j108,25,24,1,6852
j109,18,24,1,5736
j110,77,24,1,2614
j111,88,24,1,5792
j112,21,24,1,12
j113,79,24,1,904
j114,18,24,1,543
j115,88,24,1,6247
j116,79,24,1,5036
j117,31,24,1,1599
j118,23,24,1,2076
j119,6,24,1,5781
j120,92,24,1,4271
j121,3,24,1,4849
j122,71,24,1,999
j123,89,24,1,4256
j124,25,24,1,2817
j125,72,24,1,913
j126,78,24,1,3509
j127,86,24,1,1107
j128,88,24,1,376
j129,27,24,1,1018
j130,27,24,1,5483
j131,67,24,1,1750
j132,11,24,1,4802
j133,83,24,1,6127
j134,63,24,1,271
j135,92,24,1,6408
j136,20,24,1,33
j137,85,24,1,4849
j138,98,24,1,705
j139,23,24,1,4596
j140,50,24,1,6480
j141,84,24,1,6071
j142,58,24,1,1557
j143,31,24,1,3445
j144,21,24,1,3365
j145,32,24,1,4983
j146,66,24,1,4828
j147,3,24,1,1313
j148,24,24,1,3332
j149,92,24,1,3273
j150,2,24,1,4753
