job,m1Time,m2Time,bufferUsage,dueTime
j1,50,22,50,273
j2,18,22,18,2140
j3,21,22,21,1035
j4,14,22,14,1640
j5,39,22,39,511
j6,23,22,23,1985
j7,82,22,82,982
j8,54,22,54,331
j9,67,22,67,746
j10,30,22,30,455
j11,80,22,80,1301
j12,60,22,60,2337
j13,60,22,60,1914
j14,83,22,83,586
j15,20,22,20,2352
j16,66,22,66,161
j17,40,22,40,7
j18,3,22,3,451
j19,60,22,60,1038
j20,55,22,55,962
j21,49,22,49,2377
j22,32,22,32,1790
j23,83,22,83,1564
j24,81,22,81,831
j25,25,22,25,1773
j26,98,22,98,16
j27,78,22,78,2238
j28,54,22,54,868
j29,95,22,95,346
j30,16,22,16,1940
j31,38,22,38,5
j32,18,22,18,602
j33,27,22,27,849
j34,71,22,71,2331
j35,95,22,95,1011
j36,17,22,17,413
j37,38,22,38,767
j38,16,22,16,1270
j39,92,22,92,2021
j40,81,22,81,732
j41,15,22,15,102
j42,17,22,17,1675
j43,19,22,19,309
j44,71,22,71,1330
j45,25,22,25,2336
j46,84,22,84,1004
j47,92,22,92,1149
j48,51,22,51,326
j49,2,22,2,547
j50,28,22,28,299
