job,m1Time,m2Time,bufferUsage,dueTime
j1,48,31,48,3474
j2,23,31,23,4822
j3,32,31,32,1424
j4,73,31,73,4735
j5,45,31,45,744
j6,37,31,37,4566
j7,72,31,72,980
j8,31,31,31,4462
j9,47,31,47,1186
j10,24,31,24,185
j11,91,31,91,5208
j12,67,31,67,3886
j13,5,31,5,2502
j14,42,31,42,125
j15,33,31,33,2137
j16,47,31,47,5099
j17,69,31,69,1655
j18,56,31,56,2511
j19,72,31,72,4174
j20,26,31,26,5077
j21,95,31,95,3788
j22,42,31,42,1127
j23,90,31,90,538
j24,9,31,9,2657
j25,53,31,53,3864
j26,65,31,65,4824
j27,55,31,55,2978
j28,14,31,14,4259
j29,99,31,99,2404
j30,41,31,41,1012
j31,38,31,38,2336
j32,38,31,38,3744
j33,28,31,28,3512
j34,32,31,32,4556
j35,92,31,92,1140
j36,81,31,81,4296
j37,39,31,39,1659
j38,88,31,88,3495
j39,29,31,29,485
j40,62,31,62,4794
j41,55,31,55,4301
j42,16,31,16,1753
j43,9,31,9,2167
j44,42,31,42,4302
j45,70,31,70,3211
j46,86,31,86,516
j47,49,31,49,4520
j48,84,31,84,3588
j49,41,31,41,375
j50,77,31,77,3396
j51,51,31,51,923
j52,3,31,3,2851
j53,15,31,15,4126
j54,86,31,86,2396
j55,52,31,52,3660
j56,26,31,26,4681
j57,31,31,31,172
j58,1,31,1,3829
j59,43,31,43,1267
j60,17,31,17,1476
j61,82,31,82,1749
j62,99,31,99,2740
j63,73,31,73,4161
j64,2,31,2,67
j65,77,31,77,5141
j66,31,31,31,4277
j67,49,31,49,3682
j68,30,31,30,2324
j69,42,31,42,2344
j70,80,31,80,4350
j71,55,31,55,176
j72,10,31,10,3523
j73,97,31,97,5076
j74,87,31,87,4814
j75,66,31,66,2286
j76,96,31,96,4259
j77,95,31,95,1365
j78,76,31,76,854
j79,96,31,96,2279
j80,45,31,45,1381
j81,31,31,31,4878
j82,29,31,29,2149
j83,58,31,58,5180
j84,68,31,68,2815
j85,47,31,47,4735
j86,59,31,59,802
j87,72,31,72,3831
j88,82,31,82,976
j89,16,31,16,4489
j90,17,31,17,4081
j91,50,31,50,3173
j92,45,31,45,670
j93,70,31,70,4019
j94,98,31,98,319
j95,47,31,47,1761
j96,27,31,27,2450
j97,63,31,63,4792
j98,66,31,66,5176
j99,49,31,49,1407
j100,38,31,38,5080
