job,m1Time,m2Time,bufferUsage,dueTime
j1,76,24,76,2529
j2,47,24,47,6863
j3,47,24,47,5270
j4,98,24,98,7206
j5,7,24,7,6102
j6,39,24,39,4996
j7,29,24,29,7273
j8,66,24,66,1820
j9,65,24,65,4108
j10,77,24,77,797
j11,2,24,2,7203
j12,10,24,10,5360
j13,6,24,6,5571
j14,22,24,22,3980
j15,45,24,45,3104
j16,73,24,73,1456
j17,9,24,9,1967
j18,79,24,79,447
j19,27,24,27,3357
j20,40,24,40,3004
j21,33,24,33,1287
j22,56,24,56,6811
j23,19,24,19,6139
j24,97,24,97,5303
j25,36,24,36,6906
j26,50,24,50,2128
j27,73,24,73,278
j28,93,24,93,3944
j29,16,24,16,28
j30,71,24,71,7570
j31,49,24,49,1837
j32,10,24,10,330
j33,65,24,65,3915
j34,28,24,28,4096
j35,1,24,1,5518
j36,89,24,89,4711
j37,81,24,81,3893
j38,42,24,42,3376
j39,75,24,75,5045
j40,62,24,62,297
j41,1,24,1,3029
j42,2,24,2,5735
j43,32,24,32,1195
j44,54,24,54,4661
j45,82,24,82,83
j46,57,24,57,1965
j47,56,24,56,1120
j48,64,24,64,5128
j49,15,24,15,7356
j50,80,24,80,543
j51,40,24,40,343
j52,80,24,80,3230
j53,50,24,50,4025
j54,51,24,51,2190
j55,97,24,97,6645
j56,85,24,85,1923
j57,10,24,10,979
j58,24,24,24,7517
j59,73,24,73,1927
j60,70,24,70,2570
j61,97,24,97,648
j62,66,24,66,6087
j63,33,24,33,4432
j64,79,24,79,4805
j65,33,24,33,4307
j66,83,24,83,2347
j67,82,24,82,5712
j68,12,24,12,642
j69,30,24,30,817
j70,12,24,12,4324
j71,44,24,44,5095
j72,26,24,26,2078
j73,44,24,44,2658
j74,22,24,22,3630
j75,49,24,49,4856
j76,43,24,43,516
j77,62,24,62,4990
j78,83,24,83,2463
j79,43,24,43,2124
j80,57,24,57,5848
j81,100,24,100,1767
j82,4,24,4,5288
j83,56,24,56,2425
j84,49,24,49,6593
j85,22,24,22,5146
j86,22,24,22,2727
j87,19,24,19,4586
j88,37,24,37,996
j89,1,24,1,2693
j90,97,24,97,2105
j91,24,24,24,258
j92,91,24,91,1010
j93,81,24,81,974
j94,88,24,88,4807
j95,38,24,38,3797
j96,57,24,57,4129
j97,62,24,62,5071
j98,21,24,21,235
j99,52,24,52,5220
j100,95,24,95,5547
j101,68,24,68,7592
j102,81,24,81,3745
j103,89,24,89,6679
j104,44,24,44,6053
j105,64,24,64,4829
j106,72,24,72,2584
j107,17,24,17,782
j108,25,24,25,4948
j109,18,24,18,1455
j110,77,24,77,3748
j111,88,24,88,3811
j112,21,24,21,3109
j113,79,24,79,7489
j114,18,24,18,2837
j115,88,24,88,1044
j116,79,24,79,5307
j117,31,24,31,3156
j118,23,24,23,2372
j119,6,24,6,3197
j120,92,24,92,2132
j121,3,24,3,6931
j122,71,24,71,4527
j123,89,24,89,2478
j124,25,24,25,5981
j125,72,24,72,856
j126,78,24,78,1789
j127,86,24,86,2459
j128,88,24,88,7238
j129,27,24,27,4486
j130,27,24,27,6114
j131,67,24,67,4375
j132,11,24,11,5763
j133,83,24,83,5438
j134,63,24,63,5884
j135,92,24,92,2094
j136,20,24,20,3775
j137,85,24,85,7082
j138,98,24,98,271
j139,23,24,23,7057
j140,50,24,50,645
j141,84,24,84,6391
j142,58,24,58,7182
j143,31,24,31,6465
j144,21,24,21,3584
j145,32,24,32,552
j146,66,24,66,2552
j147,3,24,3,6935
j148,24,24,24,1404
j149,92,24,92,1751
j150,2,24,2,4434
