job,m1Time,m2Time,bufferUsage,dueTime
j1,76,50,76,5650
j2,47,50,47,4130
j3,47,50,47,5993
j4,98,50,98,2337
j5,7,50,7,6097
j6,39,50,39,8084
j7,29,50,29,7650
j8,66,50,66,6469
j9,65,50,65,7352
j10,77,50,77,7065
j11,2,50,2,2921
j12,10,50,10,2494
j13,6,50,6,3396
j14,22,50,22,5537
j15,45,50,45,7127
j16,73,50,73,4551
j17,9,50,9,8439
j18,79,50,79,7981
j19,27,50,27,7773
j20,40,50,40,7202
j21,33,50,33,2636
j22,56,50,56,1346
j23,19,50,19,5904
j24,97,50,97,6865
j25,36,50,36,4065
j26,50,50,50,1750
j27,73,50,73,2771
j28,93,50,93,2797
j29,16,50,16,2677
j30,71,50,71,1307
j31,49,50,49,3324
j32,10,50,10,7482
j33,65,50,65,8622
j34,28,50,28,2974
j35,1,50,1,5475
j36,89,50,89,451
j37,81,50,81,626
j38,42,50,42,6802
j39,75,50,75,769
j40,62,50,62,160
j41,1,50,1,6512
j42,2,50,2,7309
j43,32,50,32,6153
j44,54,50,54,5188
j45,82,50,82,2455
j46,57,50,57,353
j47,56,50,56,1485
j48,64,50,64,7530
j49,15,50,15,2716
j50,80,50,80,4106
j51,40,50,40,2584
j52,80,50,80,1315
j53,50,50,50,2754
j54,51,50,51,8494
j55,97,50,97,7748
j56,85,50,85,5360
j57,10,50,10,7026
j58,24,50,24,6271
j59,73,50,73,7186
j60,70,50,70,4312
j61,97,50,97,7837
j62,66,50,66,640
j63,33,50,33,3139
j64,79,50,79,2203
j65,33,50,33,6066
j66,83,50,83,5357
j67,82,50,82,252
j68,12,50,12,6581
j69,30,50,30,3086
j70,12,50,12,4078
j71,44,50,44,2839
j72,26,50,26,8385
j73,44,50,44,6503
j74,22,50,22,2617
j75,49,50,49,8591
j76,43,50,43,3976
j77,62,50,62,1544
j78,83,50,83,8427
j79,43,50,43,1081
j80,57,50,57,537
j81,100,50,100,1321
j82,4,50,4,3074
j83,56,50,56,8110
j84,49,50,49,1836
j85,22,50,22,6550
j86,22,50,22,7691
j87,19,50,19,6122
j88,37,50,37,2072
j89,1,50,1,8445
j90,97,50,97,2119
j91,24,50,24,7661
j92,91,50,91,7719
j93,81,50,81,2951
j94,88,50,88,1844
j95,38,50,38,5950
j96,57,50,57,5856
j97,62,50,62,7599
j98,21,50,21,4591
j99,52,50,52,7651
j100,95,50,95,494
j101,68,50,68,2481
j102,81,50,81,2350
j103,89,50,89,1295
j104,44,50,44,901
j105,64,50,64,4738
j106,72,50,72,1712
j107,17,50,17,723
j108,25,50,25,1436
j109,18,50,18,3094
j110,77,50,77,280
j111,88,50,88,8616
j112,21,50,21,2983
j113,79,50,79,6619
j114,18,50,18,4577
j115,88,50,88,7558
j116,79,50,79,6795
j117,31,50,31,2585
j118,23,50,23,6241
j119,6,50,6,303
j120,92,50,92,2983
j121,3,50,3,5351
j122,71,50,71,224
j123,89,50,89,1373
j124,25,50,25,3950
j125,72,50,72,3363
j126,78,50,78,4846
j127,86,50,86,7909
j128,88,50,88,6636
j129,27,50,27,6305
j130,27,50,27,2780
j131,67,50,67,5808
j132,11,50,11,1455
j133,83,50,83,537
j134,63,50,63,8706
j135,92,50,92,1060
j136,20,50,20,7538
j137,85,50,85,8622
j138,98,50,98,6659
j139,23,50,23,6309
j140,50,50,50,409
j141,84,50,84,8258
j142,58,50,58,3090
j143,31,50,31,3208
j144,21,50,21,1865
j145,32,50,32,3300
j146,66,50,66,7892
j147,3,50,3,1704
j148,24,50,24,5072
j149,92,50,92,5146
j150,2,50,2,7044
