job,m1Time,m2Time,bufferUsage,dueTime
j1,74,58,1,1026
j2,92,58,1,2412
j3,71,58,1,2867
j4,56,58,1,780
j5,19,58,1,2051
j6,51,58,1,2139
j7,99,58,1,2714
j8,41,58,1,710
j9,43,58,1,1703
j10,78,58,1,2821
j11,33,58,1,1852
j12,4,58,1,2534
j13,76,58,1,1272
j14,47,58,1,1692
j15,30,58,1,371
j16,93,58,1,1452
j17,27,58,1,2870
j18,37,58,1,1988
j19,98,58,1,578
j20,93,58,1,2098
j21,66,58,1,1663
j22,71,58,1,1805
j23,51,58,1,2392
j24,49,58,1,1635
j25,99,58,1,2792
j26,63,58,1,121
j27,31,58,1,107
j28,99,58,1,1235
j29,24,58,1,789
j30,73,58,1,2438
j31,65,58,1,2607
j32,39,58,1,1658
j33,78,58,1,1272
j34,12,58,1,1807
j35,1,58,1,2405
j36,5,58,1,1849
j37,48,58,1,344
j38,60,58,1,1992
j39,70,58,1,841
j40,89,58,1,1093
j41,89,58,1,2780
j42,57,58,1,2900
j43,42,58,1,1939
j44,82,58,1,124
j45,55,58,1,2701
j46,43,58,1,417
j47,59,58,1,958
j48,80,58,1,905
j49,74,58,1,1459
j50,1,58,1,2130
