job,m1Time,m2Time,bufferUsage,dueTime
j1,76,79,76,6516
j2,47,79,47,11400
j3,47,79,47,7561
j4,98,79,98,6547
j5,7,79,7,948
j6,39,79,39,7378
j7,29,79,29,6183
j8,66,79,66,8054
j9,65,79,65,8334
j10,77,79,77,2853
j11,2,79,2,6509
j12,10,79,10,8628
j13,6,79,6,979
j14,22,79,22,1025
j15,45,79,45,2385
j16,73,79,73,3858
j17,9,79,9,7689
j18,79,79,79,8314
j19,27,79,27,3512
j20,40,79,40,9373
j21,33,79,33,3868
j22,56,79,56,1665
j23,19,79,19,3050
j24,97,79,97,10290
j25,36,79,36,4042
j26,50,79,50,9083
j27,73,79,73,10391
j28,93,79,93,1174
j29,16,79,16,6412
j30,71,79,71,2372
j31,49,79,49,293
j32,10,79,10,10121
j33,65,79,65,310
j34,28,79,28,5686
j35,1,79,1,1734
j36,89,79,89,313
j37,81,79,81,9697
j38,42,79,42,764
j39,75,79,75,7327
j40,62,79,62,2029
j41,1,79,1,1295
j42,2,79,2,8500
j43,32,79,32,3945
j44,54,79,54,7711
j45,82,79,82,11626
j46,57,79,57,2457
j47,56,79,56,698
j48,64,79,64,4289
j49,15,79,15,10562
j50,80,79,80,3109
j51,40,79,40,7040
j52,80,79,80,9549
j53,50,79,50,11691
j54,51,79,51,9887
j55,97,79,97,7024
j56,85,79,85,501
j57,10,79,10,6978
j58,24,79,24,10331
j59,73,79,73,10340
j60,70,79,70,2025
j61,97,79,97,7367
j62,66,79,66,1491
j63,33,79,33,3848
j64,79,79,79,9102
j65,33,79,33,6084
j66,83,79,83,9715
j67,82,79,82,3887
j68,12,79,12,7839
j69,30,79,30,3267
j70,12,79,12,1243
j71,44,79,44,707
j72,26,79,26,7387
j73,44,79,44,8536
j74,22,79,22,418
j75,49,79,49,5688
j76,43,79,43,3150
j77,62,79,62,6742
j78,83,79,83,2045
j79,43,79,43,3071
j80,57,79,57,3595
j81,100,79,100,5416
j82,4,79,4,6514
j83,56,79,56,4300
j84,49,79,49,7686
j85,22,79,22,5285
j86,22,79,22,9813
j87,19,79,19,8799
j88,37,79,37,5214
j89,1,79,1,8909
j90,97,79,97,3941
j91,24,79,24,9912
j92,91,79,91,4882
j93,81,79,81,1951
j94,88,79,88,9331
j95,38,79,38,356
j96,57,79,57,124
j97,62,79,62,4788
j98,21,79,21,2480
j99,52,79,52,4864
j100,95,79,95,4102
j101,68,79,68,5957
j102,81,79,81,11531
j103,89,79,89,11455
j104,44,79,44,6776
j105,64,79,64,9468
j106,72,79,72,9338
j107,17,79,17,7981
j108,25,79,25,5973
j109,18,79,18,9323
j110,77,79,77,11684
j111,88,79,88,9374
j112,21,79,21,2167
j113,79,79,79,9798
j114,18,79,18,11766
j115,88,79,88,1168
j116,79,79,79,2428
j117,31,79,31,634
j118,23,79,23,3394
j119,6,79,6,2904
j120,92,79,92,7471
j121,3,79,3,10357
j122,71,79,71,1044
j123,89,79,89,4192
j124,25,79,25,10970
j125,72,79,72,5409
j126,78,79,78,1226
j127,86,79,86,8397
j128,88,79,88,10617
j129,27,79,27,11915
j130,27,79,27,8064
j131,67,79,67,10017
j132,11,79,11,4772
j133,83,79,83,3934
j134,63,79,63,9120
j135,92,79,92,5777
j136,20,79,20,7412
j137,85,79,85,8226
j138,98,79,98,11553
j139,23,79,23,5263
j140,50,79,50,11214
j141,84,79,84,2597
j142,58,79,58,9697
j143,31,79,31,7892
j144,21,79,21,7313
j145,32,79,32,4184
j146,66,79,66,2195
j147,3,79,3,3924
j148,24,79,24,6132
j149,92,79,92,9016
j150,2,79,2,8220
