job,m1Time,m2Time,bufferUsage,dueTime
j1,48,73,1,5016
j2,23,73,1,5071
j3,32,73,1,4261
j4,73,73,1,33
j5,45,73,1,7291
j6,37,73,1,1946
j7,72,73,1,1430
j8,31,73,1,6650
j9,47,73,1,1560
j10,24,73,1,6870
j11,91,73,1,1882
j12,67,73,1,4681
j13,5,73,1,2101
j14,42,73,1,801
j15,33,73,1,4370
j16,47,73,1,1876
j17,69,73,1,3453
j18,56,73,1,5201
j19,72,73,1,3367
j20,26,73,1,2223
j21,95,73,1,1827
j22,42,73,1,608
j23,90,73,1,6747
j24,9,73,1,4221
j25,53,73,1,5274
j26,65,73,1,4559
j27,55,73,1,1173
j28,14,73,1,1701
j29,99,73,1,409
j30,41,73,1,5694
j31,38,73,1,2831
j32,38,73,1,4724
j33,28,73,1,6663
j34,32,73,1,4296
j35,92,73,1,1649
j36,81,73,1,4224
j37,39,73,1,1682
j38,88,73,1,6097
j39,29,73,1,3571
j40,62,73,1,4495
j41,55,73,1,6462
j42,16,73,1,3312
j43,9,73,1,2344
j44,42,73,1,6275
j45,70,73,1,3563
j46,86,73,1,5074
j47,49,73,1,2415
j48,84,73,1,3492
j49,41,73,1,5682
j50,77,73,1,6441
j51,51,73,1,1289
j52,3,73,1,1399
j53,15,73,1,7030
j54,86,73,1,4973
j55,52,73,1,4169
j56,26,73,1,7035
j57,31,73,1,3041
j58,1,73,1,5538
j59,43,73,1,4629
j60,17,73,1,5935
j61,82,73,1,316
j62,99,73,1,4323
j63,73,73,1,4285
j64,2,73,1,4895
j65,77,73,1,6909
j66,31,73,1,1488
j67,49,73,1,4754
j68,30,73,1,5110
j69,42,73,1,7244
j70,80,73,1,756
j71,55,73,1,5196
j72,10,73,1,6167
j73,97,73,1,1321
j74,87,73,1,3329
j75,66,73,1,2869
j76,96,73,1,2774
j77,95,73,1,3600
j78,76,73,1,643
j79,96,73,1,6691
j80,45,73,1,5217
j81,31,73,1,5464
j82,29,73,1,7061
j83,58,73,1,954
j84,68,73,1,5458
j85,47,73,1,5560
j86,59,73,1,7123
j87,72,73,1,2343
j88,82,73,1,5427
j89,16,73,1,1794
j90,17,73,1,5828
j91,50,73,1,5859
j92,45,73,1,68
j93,70,73,1,157
j94,98,73,1,6145
j95,47,73,1,575
j96,27,73,1,3925
j97,63,73,1,2652
j98,66,73,1,1125
j99,49,73,1,2433
j100,38,73,1,6009
