job,m1Time,m2Time,bufferUsage,dueTime
j1,87,76,87,7672
j2,98,76,98,11041
j3,11,76,11,1320
j4,33,76,33,2791
j5,55,76,55,7716
j6,24,76,24,3406
j7,56,76,56,10966
j8,87,76,87,10108
j9,61,76,61,7224
j10,54,76,54,3841
j11,8,76,8,5010
j12,74,76,74,2485
j13,73,76,73,7720
j14,78,76,78,4346
j15,54,76,54,7664
j16,90,76,90,6532
j17,100,76,100,8646
j18,32,76,32,6612
j19,80,76,80,209
j20,58,76,58,3443
j21,55,76,55,421
j22,32,76,32,8673
j23,26,76,26,9997
j24,55,76,55,4867
j25,51,76,51,8603
j26,16,76,16,1469
j27,17,76,17,7774
j28,51,76,51,1172
j29,4,76,4,8870
j30,85,76,85,4654
j31,14,76,14,5680
j32,16,76,16,5
j33,2,76,2,8932
j34,55,76,55,5602
j35,48,76,48,5508
j36,39,76,39,6879
j37,56,76,56,9054
j38,3,76,3,1573
j39,37,76,37,11453
j40,28,76,28,5496
j41,23,76,23,11248
j42,32,76,32,243
j43,42,76,42,6851
j44,67,76,67,6406
j45,42,76,42,7263
j46,26,76,26,374
j47,96,76,96,10677
j48,91,76,91,7866
j49,91,76,91,6644
j50,88,76,88,3689
j51,31,76,31,7986
j52,61,76,61,2872
j53,99,76,99,1488
j54,7,76,7,10337
j55,30,76,30,8041
j56,56,76,56,1561
j57,64,76,64,7103
j58,50,76,50,4014
j59,39,76,39,3282
j60,2,76,2,6741
j61,7,76,7,3925
j62,85,76,85,3590
j63,77,76,77,4583
j64,46,76,46,2910
j65,82,76,82,8166
j66,52,76,52,6692
j67,87,76,87,9898
j68,12,76,12,4714
j69,72,76,72,10477
j70,45,76,45,4473
j71,86,76,86,5385
j72,26,76,26,11019
j73,33,76,33,1950
j74,11,76,11,248
j75,86,76,86,3175
j76,97,76,97,5598
j77,94,76,94,11658
j78,24,76,24,10325
j79,94,76,94,4932
j80,42,76,42,2972
j81,100,76,100,2717
j82,45,76,45,8847
j83,91,76,91,9587
j84,67,76,67,7102
j85,45,76,45,3575
j86,24,76,24,1173
j87,90,76,90,8587
j88,29,76,29,11257
j89,33,76,33,8334
j90,72,76,72,1029
j91,97,76,97,11489
j92,22,76,22,4554
j93,92,76,92,829
j94,65,76,65,4911
j95,18,76,18,9036
j96,27,76,27,8984
j97,59,76,59,312
j98,10,76,10,8080
j99,53,76,53,1048
j100,92,76,92,8189
j101,58,76,58,6390
j102,15,76,15,6526
j103,88,76,88,9492
j104,8,76,8,9276
j105,54,76,54,5451
j106,19,76,19,5017
j107,76,76,76,11430
j108,19,76,19,6088
j109,53,76,53,1148
j110,87,76,87,1386
j111,78,76,78,11694
j112,83,76,83,9045
j113,54,76,54,11111
j114,14,76,14,91
j115,26,76,26,4591
j116,25,76,25,160
j117,39,76,39,6695
j118,88,76,88,7072
j119,72,76,72,586
j120,90,76,90,594
j121,38,76,38,1683
j122,3,76,3,1171
j123,87,76,87,9759
j124,50,76,50,5076
j125,37,76,37,7480
j126,9,76,9,4046
j127,46,76,46,11679
j128,41,76,41,10443
j129,40,76,40,4815
j130,7,76,7,5930
j131,26,76,26,1452
j132,3,76,3,8255
j133,51,76,51,4703
j134,55,76,55,5085
j135,42,76,42,8675
j136,5,76,5,2303
j137,52,76,52,9373
j138,33,76,33,6526
j139,47,76,47,3617
j140,90,76,90,5301
j141,25,76,25,9445
j142,57,76,57,6519
j143,17,76,17,1401
j144,25,76,25,429
j145,66,76,66,6135
j146,54,76,54,8372
j147,46,76,46,2032
j148,20,76,20,386
j149,88,76,88,3190
j150,34,76,34,4476
