job,m1Time,m2Time,bufferUsage,dueTime
j1,50,77,50,27
j2,18,77,18,365
j3,21,77,21,1733
j4,14,77,14,2956
j5,39,77,39,1171
j6,23,77,23,3705
j7,82,77,82,1965
j8,54,77,54,3011
j9,67,77,67,287
j10,30,77,30,3138
j11,80,77,80,3622
j12,60,77,60,2680
j13,60,77,60,3282
j14,83,77,83,3529
j15,20,77,20,3215
j16,66,77,66,701
j17,40,77,40,2077
j18,3,77,3,3878
j19,60,77,60,2693
j20,55,77,55,2915
j21,49,77,49,3523
j22,32,77,32,2896
j23,83,77,83,3014
j24,81,77,81,2095
j25,25,77,25,761
j26,98,77,98,1921
j27,78,77,78,3024
j28,54,77,54,2824
j29,95,77,95,3927
j30,16,77,16,2033
j31,38,77,38,1996
j32,18,77,18,2240
j33,27,77,27,466
j34,71,77,71,1734
j35,95,77,95,591
j36,17,77,17,2579
j37,38,77,38,1335
j38,16,77,16,2717
j39,92,77,92,499
j40,81,77,81,451
j41,15,77,15,3383
j42,17,77,17,2108
j43,19,77,19,3906
j44,71,77,71,1815
j45,25,77,25,3622
j46,84,77,84,362
j47,92,77,92,601
j48,51,77,51,3804
j49,2,77,2,3357
j50,28,77,28,3372
