job,m1Time,m2Time,bufferUsage,dueTime
j1,87,50,87,2593
j2,98,50,98,4995
j3,11,50,11,1784
j4,33,50,33,497
j5,55,50,55,4385
j6,24,50,24,2680
j7,56,50,56,5967
j8,87,50,87,5872
j9,61,50,61,591
j10,54,50,54,5700
j11,8,50,8,3591
j12,74,50,74,6273
j13,73,50,73,5856
j14,78,50,78,6968
j15,54,50,54,6164
j16,90,50,90,2554
j17,100,50,100,3265
j18,32,50,32,3791
j19,80,50,80,7138
j20,58,50,58,5059
j21,55,50,55,4023
j22,32,50,32,400
j23,26,50,26,8017
j24,55,50,55,531
j25,51,50,51,8059
j26,16,50,16,675
j27,17,50,17,592
j28,51,50,51,7926
j29,4,50,4,1514
j30,85,50,85,4004
j31,14,50,14,5887
j32,16,50,16,8714
j33,2,50,2,870
j34,55,50,55,4000
j35,48,50,48,7583
j36,39,50,39,203
j37,56,50,56,8664
j38,3,50,3,4719
j39,37,50,37,3811
j40,28,50,28,953
j41,23,50,23,2152
j42,32,50,32,127
j43,42,50,42,7292
j44,67,50,67,7296
j45,42,50,42,7627
j46,26,50,26,35
j47,96,50,96,966
j48,91,50,91,8496
j49,91,50,91,5622
j50,88,50,88,4284
j51,31,50,31,1299
j52,61,50,61,687
j53,99,50,99,2018
j54,7,50,7,3168
j55,30,50,30,8232
j56,56,50,56,1616
j57,64,50,64,3690
j58,50,50,50,5159
j59,39,50,39,4240
j60,2,50,2,8583
j61,7,50,7,1069
j62,85,50,85,2904
j63,77,50,77,3502
j64,46,50,46,4849
j65,82,50,82,8607
j66,52,50,52,6454
j67,87,50,87,4551
j68,12,50,12,3993
j69,72,50,72,3774
j70,45,50,45,1460
j71,86,50,86,3919
j72,26,50,26,4394
j73,33,50,33,3188
j74,11,50,11,4724
j75,86,50,86,1117
j76,97,50,97,896
j77,94,50,94,2862
j78,24,50,24,3322
j79,94,50,94,2571
j80,42,50,42,7865
j81,100,50,100,793
j82,45,50,45,5171
j83,91,50,91,914
j84,67,50,67,8699
j85,45,50,45,8441
j86,24,50,24,4586
j87,90,50,90,1719
j88,29,50,29,5625
j89,33,50,33,7933
j90,72,50,72,7223
j91,97,50,97,5946
j92,22,50,22,3155
j93,92,50,92,5009
j94,65,50,65,3298
j95,18,50,18,6438
j96,27,50,27,2015
j97,59,50,59,383
j98,10,50,10,1409
j99,53,50,53,1850
j100,92,50,92,3367
j101,58,50,58,7297
j102,15,50,15,4504
j103,88,50,88,4249
j104,8,50,8,4976
j105,54,50,54,2455
j106,19,50,19,1428
j107,76,50,76,309
j108,19,50,19,3821
j109,53,50,53,555
j110,87,50,87,8684
j111,78,50,78,2543
j112,83,50,83,6191
j113,54,50,54,1477
j114,14,50,14,463
j115,26,50,26,7625
j116,25,50,25,8127
j117,39,50,39,2317
j118,88,50,88,4072
j119,72,50,72,209
j120,90,50,90,3691
j121,38,50,38,354
j122,3,50,3,651
j123,87,50,87,2518
j124,50,50,50,6548
j125,37,50,37,8540
j126,9,50,9,5528
j127,46,50,46,5414
j128,41,50,41,539
j129,40,50,40,1418
j130,7,50,7,1183
j131,26,50,26,7794
j132,3,50,3,3021
j133,51,50,51,4388
j134,55,50,55,3725
j135,42,50,42,7402
j136,5,50,5,8738
j137,52,50,52,5123
j138,33,50,33,3027
j139,47,50,47,7981
j140,90,50,90,1953
j141,25,50,25,6910
j142,57,50,57,1663
j143,17,50,17,4581
j144,25,50,25,7119
j145,66,50,66,4099
j146,54,50,54,983
j147,46,50,46,2664
j148,20,50,20,3782
j149,88,50,88,1548
j150,34,50,34,1645
