job,m1Time,m2Time,bufferUsage,dueTime
j1,73,30,73,2870
j2,54,30,54,3341
j3,36,30,36,4112
j4,24,30,24,3965
j5,48,30,48,4034
j6,32,30,32,1335
j7,77,30,77,3037
j8,50,30,50,2403
j9,14,30,14,3028
j10,33,30,33,838
j11,45,30,45,794
j12,17,30,17,3547
j13,43,30,43,401
j14,52,30,52,990
j15,92,30,92,668
j16,80,30,80,1488
j17,17,30,17,1723
j18,38,30,38,1719
j19,47,30,47,240
j20,27,30,27,1109
j21,7,30,7,5129
j22,64,30,64,1879
j23,94,30,94,4576
j24,2,30,2,4580
j25,62,30,62,168
j26,29,30,29,567
j27,95,30,95,4000
j28,92,30,92,1472
j29,96,30,96,3126
j30,8,30,8,307
j31,88,30,88,1636
j32,95,30,95,2428
j33,99,30,99,1770
j34,91,30,91,4181
j35,69,30,69,3092
j36,97,30,97,5103
j37,15,30,15,1580
j38,62,30,62,1017
j39,68,30,68,768
j40,91,30,91,3984
j41,30,30,30,3408
j42,17,30,17,2008
j43,41,30,41,4655
j44,57,30,57,5058
j45,87,30,87,2728
j46,39,30,39,2133
j47,4,30,4,1113
j48,41,30,41,2580
j49,52,30,52,1420
j50,30,30,30,3137
j51,53,30,53,3458
j52,37,30,37,2073
j53,91,30,91,3469
j54,95,30,95,3903
j55,35,30,35,866
j56,41,30,41,3548
j57,68,30,68,2861
j58,95,30,95,1417
j59,29,30,29,2678
j60,48,30,48,2263
j61,83,30,83,3593
j62,7,30,7,880
j63,92,30,92,3393
j64,53,30,53,956
j65,91,30,91,3209
j66,59,30,59,1954
j67,55,30,55,4050
j68,61,30,61,5061
j69,71,30,71,344
j70,83,30,83,3930
j71,20,30,20,658
j72,29,30,29,858
j73,57,30,57,1664
j74,31,30,31,432
j75,51,30,51,4645
j76,34,30,34,4537
j77,81,30,81,4492
j78,75,30,75,2197
j79,97,30,97,3528
j80,55,30,55,4223
j81,62,30,62,4463
j82,57,30,57,3512
j83,41,30,41,716
j84,71,30,71,5068
j85,7,30,7,3360
j86,76,30,76,1284
j87,91,30,91,3563
j88,60,30,60,920
j89,53,30,53,1793
j90,6,30,6,4020
j91,22,30,22,2606
j92,2,30,2,4331
j93,4,30,4,980
j94,53,30,53,853
j95,51,30,51,846
j96,60,30,60,3186
j97,23,30,23,2926
j98,17,30,17,4875
j99,34,30,34,3394
j100,6,30,6,2581
