job,m1Time,m2Time,bufferUsage,dueTime
j1,74,40,1,1653
j2,92,40,1,2226
j3,71,40,1,2792
j4,56,40,1,416
j5,19,40,1,540
j6,51,40,1,528
j7,99,40,1,2336
j8,41,40,1,2741
j9,43,40,1,1285
j10,78,40,1,233
j11,33,40,1,815
j12,4,40,1,2029
j13,76,40,1,1615
j14,47,40,1,1651
j15,30,40,1,996
j16,93,40,1,1486
j17,27,40,1,676
j18,37,40,1,1017
j19,98,40,1,1973
j20,93,40,1,913
j21,66,40,1,1356
j22,71,40,1,714
j23,51,40,1,651
j24,49,40,1,1229
j25,99,40,1,2419
j26,63,40,1,2475
j27,31,40,1,1605
j28,99,40,1,2586
j29,24,40,1,2754
j30,73,40,1,1968
j31,65,40,1,748
j32,39,40,1,1941
j33,78,40,1,990
j34,12,40,1,686
j35,1,40,1,919
j36,5,40,1,2296
j37,48,40,1,2601
j38,60,40,1,772
j39,70,40,1,2552
j40,89,40,1,211
j41,89,40,1,339
j42,57,40,1,150
j43,42,40,1,1861
j44,82,40,1,1501
j45,55,40,1,294
j46,43,40,1,2641
j47,59,40,1,1016
j48,80,40,1,2428
j49,74,40,1,2243
j50,1,40,1,437
