job,m1Time,m2Time,bufferUsage,dueTime
j1,87,26,87,6368
j2,98,26,98,6305
j3,11,26,11,6079
j4,33,26,33,6315
j5,55,26,55,3221
j6,24,26,24,2828
j7,56,26,56,1265
j8,87,26,87,1815
j9,61,26,61,3686
j10,54,26,54,7141
j11,8,26,8,7457
j12,74,26,74,5283
j13,73,26,73,6813
j14,78,26,78,6661
j15,54,26,54,7096
j16,90,26,90,6678
j17,100,26,100,6785
j18,32,26,32,836
j19,80,26,80,3289
j20,58,26,58,1808
j21,55,26,55,107
j22,32,26,32,473
j23,26,26,26,4545
j24,55,26,55,2911
j25,51,26,51,7482
j26,16,26,16,2499
j27,17,26,17,108
j28,51,26,51,5728
j29,4,26,4,2579
j30,85,26,85,3586
j31,14,26,14,5246
j32,16,26,16,2672
j33,2,26,2,3927
j34,55,26,55,5591
j35,48,26,48,686
j36,39,26,39,3008
j37,56,26,56,4199
j38,3,26,3,5626
j39,37,26,37,1038
j40,28,26,28,820
j41,23,26,23,2754
j42,32,26,32,5156
j43,42,26,42,7171
j44,67,26,67,5912
j45,42,26,42,4890
j46,26,26,26,2252
j47,96,26,96,5942
j48,91,26,91,4889
j49,91,26,91,6605
j50,88,26,88,2626
j51,31,26,31,3237
j52,61,26,61,5513
j53,99,26,99,5044
j54,7,26,7,3662
j55,30,26,30,2830
j56,56,26,56,4697
j57,64,26,64,6125
j58,50,26,50,5880
j59,39,26,39,7060
j60,2,26,2,5002
j61,7,26,7,2189
j62,85,26,85,1114
j63,77,26,77,1043
j64,46,26,46,1600
j65,82,26,82,2696
j66,52,26,52,5252
j67,87,26,87,6175
j68,12,26,12,3217
j69,72,26,72,6833
j70,45,26,45,6504
j71,86,26,86,7042
j72,26,26,26,1384
j73,33,26,33,6147
j74,11,26,11,6093
j75,86,26,86,6680
j76,97,26,97,2736
j77,94,26,94,4683
j78,24,26,24,3420
j79,94,26,94,7139
j80,42,26,42,4527
j81,100,26,100,3489
j82,45,26,45,1288
j83,91,26,91,5605
j84,67,26,67,6653
j85,45,26,45,2148
j86,24,26,24,3667
j87,90,26,90,2813
j88,29,26,29,4684
j89,33,26,33,6338
j90,72,26,72,5405
j91,97,26,97,207
j92,22,26,22,4308
j93,92,26,92,5543
j94,65,26,65,6593
j95,18,26,18,3349
j96,27,26,27,1267
j97,59,26,59,525
j98,10,26,10,6528
j99,53,26,53,438
j100,92,26,92,3901
j101,58,26,58,361
j102,15,26,15,1023
j103,88,26,88,1792
j104,8,26,8,1750
j105,54,26,54,6722
j106,19,26,19,2604
j107,76,26,76,1127
j108,19,26,19,3171
j109,53,26,53,761
j110,87,26,87,500
j111,78,26,78,2608
j112,83,26,83,242
j113,54,26,54,6730
j114,14,26,14,2360
j115,26,26,26,5841
j116,25,26,25,5657
j117,39,26,39,2071
j118,88,26,88,4291
j119,72,26,72,5915
j120,90,26,90,3594
j121,38,26,38,2669
j122,3,26,3,5243
j123,87,26,87,3311
j124,50,26,50,4395
j125,37,26,37,7053
j126,9,26,9,6375
j127,46,26,46,7388
j128,41,26,41,4691
j129,40,26,40,4903
j130,7,26,7,1074
j131,26,26,26,3536
j132,3,26,3,292
j133,51,26,51,5519
j134,55,26,55,6516
j135,42,26,42,6657
j136,5,26,5,5037
j137,52,26,52,65
j138,33,26,33,3445
j139,47,26,47,6211
j140,90,26,90,6054
j141,25,26,25,397
j142,57,26,57,3236
j143,17,26,17,2564
j144,25,26,25,4249
j145,66,26,66,4005
j146,54,26,54,2952
j147,46,26,46,173
j148,20,26,20,5479
j149,88,26,88,4715
j150,34,26,34,1764
