job,m1Time,m2Time,bufferUsage,dueTime
j1,87,76,1,3791
j2,98,76,1,10588
j3,11,76,1,3565
j4,33,76,1,287
j5,55,76,1,10782
j6,24,76,1,221
j7,56,76,1,3045
j8,87,76,1,9191
j9,61,76,1,3165
j10,54,76,1,7568
j11,8,76,1,2483
j12,74,76,1,8522
j13,73,76,1,5150
j14,78,76,1,1664
j15,54,76,1,3432
j16,90,76,1,1995
j17,100,76,1,10582
j18,32,76,1,10073
j19,80,76,1,924
j20,58,76,1,7808
j21,55,76,1,8352
j22,32,76,1,6910
j23,26,76,1,5483
j24,55,76,1,6906
j25,51,76,1,1299
j26,16,76,1,3295
j27,17,76,1,1221
j28,51,76,1,6781
j29,4,76,1,4323
j30,85,76,1,3223
j31,14,76,1,3639
j32,16,76,1,3216
j33,2,76,1,10847
j34,55,76,1,4287
j35,48,76,1,4252
j36,39,76,1,9349
j37,56,76,1,2887
j38,3,76,1,4300
j39,37,76,1,1213
j40,28,76,1,3124
j41,23,76,1,1378
j42,32,76,1,1588
j43,42,76,1,439
j44,67,76,1,719
j45,42,76,1,7669
j46,26,76,1,874
j47,96,76,1,3138
j48,91,76,1,3396
j49,91,76,1,8323
j50,88,76,1,265
j51,31,76,1,54
j52,61,76,1,6928
j53,99,76,1,4044
j54,7,76,1,3077
j55,30,76,1,533
j56,56,76,1,2882
j57,64,76,1,3174
j58,50,76,1,2522
j59,39,76,1,6997
j60,2,76,1,5480
j61,7,76,1,10584
j62,85,76,1,6944
j63,77,76,1,10048
j64,46,76,1,2491
j65,82,76,1,5794
j66,52,76,1,7403
j67,87,76,1,4942
j68,12,76,1,6143
j69,72,76,1,126
j70,45,76,1,8089
j71,86,76,1,8916
j72,26,76,1,5735
j73,33,76,1,5336
j74,11,76,1,3470
j75,86,76,1,8388
j76,97,76,1,1488
j77,94,76,1,214
j78,24,76,1,5867
j79,94,76,1,10830
j80,42,76,1,4741
j81,100,76,1,9752
j82,45,76,1,5296
j83,91,76,1,7494
j84,67,76,1,7599
j85,45,76,1,10337
j86,24,76,1,4873
j87,90,76,1,10238
j88,29,76,1,9780
j89,33,76,1,7291
j90,72,76,1,5998
j91,97,76,1,6967
j92,22,76,1,3717
j93,92,76,1,5666
j94,65,76,1,1730
j95,18,76,1,8406
j96,27,76,1,5507
j97,59,76,1,1696
j98,10,76,1,1291
j99,53,76,1,7849
j100,92,76,1,65
j101,58,76,1,6950
j102,15,76,1,9590
j103,88,76,1,1968
j104,8,76,1,8451
j105,54,76,1,5549
j106,19,76,1,8012
j107,76,76,1,11307
j108,19,76,1,8215
j109,53,76,1,11318
j110,87,76,1,10989
j111,78,76,1,4105
j112,83,76,1,7125
j113,54,76,1,11098
j114,14,76,1,8539
j115,26,76,1,470
j116,25,76,1,11006
j117,39,76,1,4072
j118,88,76,1,2915
j119,72,76,1,5962
j120,90,76,1,6346
j121,38,76,1,3206
j122,3,76,1,178
j123,87,76,1,3718
j124,50,76,1,903
j125,37,76,1,5450
j126,9,76,1,1611
j127,46,76,1,3788
j128,41,76,1,10472
j129,40,76,1,8153
j130,7,76,1,10966
j131,26,76,1,3832
j132,3,76,1,5181
j133,51,76,1,7726
j134,55,76,1,3510
j135,42,76,1,864
j136,5,76,1,8867
j137,52,76,1,10375
j138,33,76,1,3755
j139,47,76,1,5998
j140,90,76,1,8918
j141,25,76,1,3226
j142,57,76,1,6097
j143,17,76,1,8361
j144,25,76,1,8696
j145,66,76,1,4536
j146,54,76,1,1777
j147,46,76,1,9530
j148,20,76,1,1886
j149,88,76,1,9257
j150,34,76,1,8254
