job,m1Time,m2Time,bufferUsage,dueTime
j1,50,74,50,641
j2,90,74,90,1169
j3,28,74,28,1184
j4,74,74,74,788
j5,59,74,59,2171
j6,65,74,65,182
j7,91,74,91,1163
j8,12,74,12,79
j9,41,74,41,1423
j10,90,74,90,3627
j11,55,74,55,2966
j12,56,74,56,1415
j13,44,74,44,258
j14,38,74,38,1752
j15,21,74,21,3531
j16,55,74,55,2638
j17,68,74,68,1558
j18,22,74,22,1315
j19,25,74,25,3242
j20,14,74,14,325
j21,55,74,55,3591
j22,6,74,6,503
j23,83,74,83,1480
j24,10,74,10,1834
j25,47,74,47,1333
j26,51,74,51,1687
j27,82,74,82,1427
j28,83,74,83,1308
j29,15,74,15,2068
j30,28,74,28,3672
j31,9,74,9,2384
j32,21,74,21,347
j33,61,74,61,1694
j34,3,74,3,1020
j35,23,74,23,2267
j36,60,74,60,2394
j37,40,74,40,2466
j38,74,74,74,3115
j39,83,74,83,2539
j40,28,74,28,326
j41,87,74,87,2631
j42,7,74,7,358
j43,86,74,86,213
j44,62,74,62,489
j45,53,74,53,108
j46,32,74,32,2806
j47,69,74,69,3051
j48,95,74,95,3775
j49,98,74,98,1414
j50,88,74,88,1430
