job,m1Time,m2Time,bufferUsage,dueTime
j1,50,22,1,1673
j2,18,22,1,752
j3,21,22,1,929
j4,14,22,1,1586
j5,39,22,1,926
j6,23,22,1,342
j7,82,22,1,538
j8,54,22,1,1576
j9,67,22,1,2056
j10,30,22,1,76
j11,80,22,1,1454
j12,60,22,1,1452
j13,60,22,1,2299
j14,83,22,1,736
j15,20,22,1,2401
j16,66,22,1,933
j17,40,22,1,319
j18,3,22,1,1208
j19,60,22,1,516
j20,55,22,1,2087
j21,49,22,1,678
j22,32,22,1,503
j23,83,22,1,1945
j24,81,22,1,809
j25,25,22,1,970
j26,98,22,1,1983
j27,78,22,1,2319
j28,54,22,1,798
j29,95,22,1,1132
j30,16,22,1,798
j31,38,22,1,2289
j32,18,22,1,693
j33,27,22,1,1945
j34,71,22,1,35
j35,95,22,1,605
j36,17,22,1,2325
j37,38,22,1,1358
j38,16,22,1,820
j39,92,22,1,642
j40,81,22,1,1176
j41,15,22,1,1052
j42,17,22,1,648
j43,19,22,1,1924
j44,71,22,1,2262
j45,25,22,1,737
j46,84,22,1,2360
j47,92,22,1,10
j48,51,22,1,346
j49,2,22,1,928
j50,28,22,1,722
