job,m1Time,m2Time,bufferUsage,dueTime
j1,48,49,1,5085
j2,23,49,1,2269
j3,32,49,1,1371
j4,73,49,1,2046
j5,45,49,1,1739
j6,37,49,1,1199
j7,72,49,1,4142
j8,31,49,1,1395
j9,47,49,1,3518
j10,24,49,1,4619
j11,91,49,1,1631
j12,67,49,1,1217
j13,5,49,1,5211
j14,42,49,1,5221
j15,33,49,1,2661
j16,47,49,1,909
j17,69,49,1,1758
j18,56,49,1,964
j19,72,49,1,3691
j20,26,49,1,3079
j21,95,49,1,5210
j22,42,49,1,4723
j23,90,49,1,1933
j24,9,49,1,843
j25,53,49,1,2412
j26,65,49,1,3225
j27,55,49,1,874
j28,14,49,1,3366
j29,99,49,1,1388
j30,41,49,1,2549
j31,38,49,1,1522
j32,38,49,1,4366
j33,28,49,1,2673
j34,32,49,1,1761
j35,92,49,1,3080
j36,81,49,1,2680
j37,39,49,1,4479
j38,88,49,1,4064
j39,29,49,1,2678
j40,62,49,1,3162
j41,55,49,1,2105
j42,16,49,1,2606
j43,9,49,1,1847
j44,42,49,1,142
j45,70,49,1,1771
j46,86,49,1,2473
j47,49,49,1,2478
j48,84,49,1,1837
j49,41,49,1,2259
j50,77,49,1,3685
j51,51,49,1,132
j52,3,49,1,495
j53,15,49,1,2492
j54,86,49,1,951
j55,52,49,1,3338
j56,26,49,1,729
j57,31,49,1,1995
j58,1,49,1,1225
j59,43,49,1,4976
j60,17,49,1,3275
j61,82,49,1,1866
j62,99,49,1,820
j63,73,49,1,4050
j64,2,49,1,3594
j65,77,49,1,4645
j66,31,49,1,1738
j67,49,49,1,1430
j68,30,49,1,4385
j69,42,49,1,5065
j70,80,49,1,3689
j71,55,49,1,2142
j72,10,49,1,2046
j73,97,49,1,3599
j74,87,49,1,2425
j75,66,49,1,2416
j76,96,49,1,4458
j77,95,49,1,2681
j78,76,49,1,1234
j79,96,49,1,2082
j80,45,49,1,5169
j81,31,49,1,2004
j82,29,49,1,4015
j83,58,49,1,225
j84,68,49,1,1633
j85,47,49,1,3568
j86,59,49,1,3868
j87,72,49,1,4295
j88,82,49,1,3566
j89,16,49,1,3108
j90,17,49,1,4636
j91,50,49,1,829
j92,45,49,1,4132
j93,70,49,1,1396
j94,98,49,1,1993
j95,47,49,1,5024
j96,27,49,1,2491
j97,63,49,1,2389
j98,66,49,1,4748
j99,49,49,1,189
j100,38,49,1,3213
