job,m1Time,m2Time,bufferUsage,dueTime
j1,74,78,1,3277
j2,92,78,1,3219
j3,71,78,1,1961
j4,56,78,1,1068
j5,19,78,1,2810
j6,51,78,1,2457
j7,99,78,1,1041
j8,41,78,1,1854
j9,43,78,1,1433
j10,78,78,1,1632
j11,33,78,1,3630
j12,4,78,1,3227
j13,76,78,1,2634
j14,47,78,1,2738
j15,30,78,1,3638
j16,93,78,1,2363
j17,27,78,1,1541
j18,37,78,1,3641
j19,98,78,1,1849
j20,93,78,1,636
j21,66,78,1,1529
j22,71,78,1,198
j23,51,78,1,3412
j24,49,78,1,1094
j25,99,78,1,1977
j26,63,78,1,3305
j27,31,78,1,2607
j28,99,78,1,2252
j29,24,78,1,3527
j30,73,78,1,1805
j31,65,78,1,2861
j32,39,78,1,1095
j33,78,78,1,1
j34,12,78,1,3127
j35,1,78,1,3125
j36,5,78,1,984
j37,48,78,1,1118
j38,60,78,1,2518
j39,70,78,1,3083
j40,89,78,1,185
j41,89,78,1,778
j42,57,78,1,32
j43,42,78,1,2918
j44,82,78,1,1579
j45,55,78,1,1768
j46,43,78,1,1877
j47,59,78,1,2137
j48,80,78,1,3286
j49,74,78,1,740
j50,1,78,1,2558
