job,m1Time,m2Time,bufferUsage,dueTime
j1,50,77,1,3495
j2,18,77,1,1792
j3,21,77,1,921
j4,14,77,1,398
j5,39,77,1,1652
j6,23,77,1,2417
j7,82,77,1,736
j8,54,77,1,94
j9,67,77,1,2745
j10,30,77,1,155
j11,80,77,1,2557
j12,60,77,1,3192
j13,60,77,1,2387
j14,83,77,1,3108
j15,20,77,1,2605
j16,66,77,1,708
j17,40,77,1,1411
j18,3,77,1,1806
j19,60,77,1,110
j20,55,77,1,1790
j21,49,77,1,3378
j22,32,77,1,533
j23,83,77,1,910
j24,81,77,1,3431
j25,25,77,1,666
j26,98,77,1,2622
j27,78,77,1,3118
j28,54,77,1,1127
j29,95,77,1,1299
j30,16,77,1,2652
j31,38,77,1,484
j32,18,77,1,2932
j33,27,77,1,2431
j34,71,77,1,510
j35,95,77,1,1734
j36,17,77,1,3795
j37,38,77,1,3652
j38,16,77,1,1717
j39,92,77,1,412
j40,81,77,1,3408
j41,15,77,1,1455
j42,17,77,1,994
j43,19,77,1,768
j44,71,77,1,2778
j45,25,77,1,3497
j46,84,77,1,3391
j47,92,77,1,306
j48,51,77,1,2418
j49,2,77,1,1109
j50,28,77,1,2715
