job,m1Time,m2Time,bufferUsage,dueTime
j1,73,30,1,2217
j2,54,30,1,5142
j3,36,30,1,4349
j4,24,30,1,2692
j5,48,30,1,2672
j6,32,30,1,386
j7,77,30,1,3696
j8,50,30,1,180
j9,14,30,1,3401
j10,33,30,1,4657
j11,45,30,1,3015
j12,17,30,1,4308
j13,43,30,1,539
j14,52,30,1,3340
j15,92,30,1,1571
j16,80,30,1,3753
j17,17,30,1,4830
j18,38,30,1,3113
j19,47,30,1,1770
j20,27,30,1,682
j21,7,30,1,2731
j22,64,30,1,1686
j23,94,30,1,662
j24,2,30,1,1085
j25,62,30,1,5193
j26,29,30,1,4106
j27,95,30,1,411
j28,92,30,1,4017
j29,96,30,1,327
j30,8,30,1,1258
j31,88,30,1,476
j32,95,30,1,4061
j33,99,30,1,2865
j34,91,30,1,294
j35,69,30,1,2369
j36,97,30,1,1389
j37,15,30,1,2444
j38,62,30,1,3978
j39,68,30,1,3399
j40,91,30,1,2503
j41,30,30,1,874
j42,17,30,1,2839
j43,41,30,1,3802
j44,57,30,1,4697
j45,87,30,1,2654
j46,39,30,1,3585
j47,4,30,1,2679
j48,41,30,1,928
j49,52,30,1,1032
j50,30,30,1,4861
j51,53,30,1,1806
j52,37,30,1,3212
j53,91,30,1,2036
j54,95,30,1,755
j55,35,30,1,348
j56,41,30,1,2078
j57,68,30,1,327
j58,95,30,1,4570
j59,29,30,1,1986
j60,48,30,1,3879
j61,83,30,1,4379
j62,7,30,1,4388
j63,92,30,1,1104
j64,53,30,1,5119
j65,91,30,1,1668
j66,59,30,1,2003
j67,55,30,1,5147
j68,61,30,1,1517
j69,71,30,1,3480
j70,83,30,1,2321
j71,20,30,1,2462
j72,29,30,1,4920
j73,57,30,1,1917
j74,31,30,1,3928
j75,51,30,1,3783
j76,34,30,1,2867
j77,81,30,1,2751
j78,75,30,1,612
j79,97,30,1,1061
j80,55,30,1,1347
j81,62,30,1,3674
j82,57,30,1,1058
j83,41,30,1,156
j84,71,30,1,2353
j85,7,30,1,5142
j86,76,30,1,865
j87,91,30,1,4707
j88,60,30,1,1014
j89,53,30,1,2108
j90,6,30,1,164
j91,22,30,1,1562
j92,2,30,1,3480
j93,4,30,1,4069
j94,53,30,1,3537
j95,51,30,1,3317
j96,60,30,1,4684
j97,23,30,1,2049
j98,17,30,1,4045
j99,34,30,1,1192
j100,6,30,1,2679
