job,m1Time,m2Time,bufferUsage,dueTime
j1,50,54,1,1019
j2,90,54,1,683
j3,28,54,1,746
j4,74,54,1,1839
j5,59,54,1,295
j6,65,54,1,1360
j7,91,54,1,2351
j8,12,54,1,1971
j9,41,54,1,504
j10,90,54,1,1851
j11,55,54,1,1093
j12,56,54,1,785
j13,44,54,1,690
j14,38,54,1,415
j15,21,54,1,1388
j16,55,54,1,1313
j17,68,54,1,2495
j18,22,54,1,862
j19,25,54,1,545
j20,14,54,1,1470
j21,55,54,1,868
j22,6,54,1,2292
j23,83,54,1,2511
j24,10,54,1,2157
j25,47,54,1,2647
j26,51,54,1,429
j27,82,54,1,1761
j28,83,54,1,1283
j29,15,54,1,21
j30,28,54,1,1021
j31,9,54,1,1715
j32,21,54,1,1055
j33,61,54,1,1624
j34,3,54,1,881
j35,23,54,1,1549
j36,60,54,1,244
j37,40,54,1,689
j38,74,54,1,2215
j39,83,54,1,6
j40,28,54,1,999
j41,87,54,1,1093
j42,7,54,1,1712
j43,86,54,1,1194
j44,62,54,1,2362
j45,53,54,1,2155
j46,32,54,1,325
j47,69,54,1,2185
j48,95,54,1,1219
j49,98,54,1,132
j50,88,54,1,2505
