job,m1Time,m2Time,bufferUsage,dueTime
j1,96,48,96,715
j2,86,48,86,1150
j3,4,48,4,4184
j4,5,48,5,2867
j5,16,48,16,2856
j6,22,48,22,1249
j7,29,48,29,3652
j8,58,48,58,3570
j9,95,48,95,589
j10,53,48,53,5852
j11,67,48,67,2572
j12,28,48,28,452
j13,28,48,28,5614
j14,47,48,47,1525
j15,43,48,43,86
j16,28,48,28,1807
j17,89,48,89,852
j18,62,48,62,4158
j19,70,48,70,2116
j20,25,48,25,5175
j21,92,48,92,5093
j22,60,48,60,4831
j23,76,48,76,924
j24,19,48,19,5358
j25,75,48,75,224
j26,85,48,85,3152
j27,55,48,55,2296
j28,61,48,61,3388
j29,54,48,54,432
j30,89,48,89,5383
j31,58,48,58,3866
j32,62,48,62,4069
j33,2,48,2,2368
j34,64,48,64,5085
j35,66,48,66,338
j36,20,48,20,4843
j37,66,48,66,5423
j38,70,48,70,5418
j39,49,48,49,3528
j40,37,48,37,4070
j41,71,48,71,3076
j42,77,48,77,4180
j43,47,48,47,729
j44,6,48,6,2128
j45,77,48,77,3156
j46,56,48,56,4060
j47,36,48,36,5485
j48,63,48,63,3098
j49,99,48,99,1741
j50,99,48,99,5561
j51,14,48,14,693
j52,35,48,35,3848
j53,13,48,13,547
j54,3,48,3,1863
j55,9,48,9,263
j56,33,48,33,538
j57,42,48,42,2015
j58,30,48,30,2126
j59,42,48,42,5563
j60,29,48,29,5796
j61,58,48,58,3556
j62,37,48,37,4494
j63,46,48,46,799
j64,30,48,30,4918
j65,90,48,90,2704
j66,89,48,89,3195
j67,28,48,28,930
j68,32,48,32,4039
j69,13,48,13,5139
j70,34,48,34,2061
j71,42,48,42,1132
j72,52,48,52,300
j73,96,48,96,1983
j74,36,48,36,63
j75,93,48,93,3222
j76,78,48,78,3563
j77,76,48,76,1709
j78,7,48,7,4902
j79,25,48,25,5530
j80,44,48,44,5113
j81,3,48,3,5448
j82,46,48,46,1095
j83,84,48,84,1118
j84,63,48,63,2632
j85,13,48,13,3426
j86,87,48,87,12
j87,49,48,49,619
j88,83,48,83,3273
j89,16,48,16,2563
j90,19,48,19,97
j91,11,48,11,5627
j92,55,48,55,5587
j93,40,48,40,3814
j94,68,48,68,1835
j95,13,48,13,1306
j96,17,48,17,5078
j97,80,48,80,2101
j98,72,48,72,575
j99,19,48,19,4656
j100,53,48,53,5416
