job,m1Time,m2Time,bufferUsage,dueTime
j1,5,44,1,3280
j2,67,44,1,2507
j3,90,44,1,6715
j4,19,44,1,5313
j5,96,44,1,2735
j6,9,44,1,618
j7,79,44,1,369
j8,74,44,1,2031
j9,8,44,1,2570
j10,31,44,1,6629
j11,76,44,1,4640
j12,33,44,1,5718
j13,5,44,1,2697
j14,18,44,1,5294
j15,54,44,1,1245
j16,82,44,1,894
j17,35,44,1,301
j18,84,44,1,6428
j19,2,44,1,3524
j20,84,44,1,4275
j21,61,44,1,4027
j22,95,44,1,6681
j23,22,44,1,2549
j24,94,44,1,6167
j25,55,44,1,4063
j26,83,44,1,1619
j27,3,44,1,4213
j28,35,44,1,6569
j29,81,44,1,4812
j30,18,44,1,4053
j31,33,44,1,6207
j32,79,44,1,4305
j33,28,44,1,5156
j34,36,44,1,585
j35,74,44,1,2238
j36,16,44,1,5662
j37,27,44,1,893
j38,32,44,1,1869
j39,3,44,1,1140
j40,20,44,1,919
j41,33,44,1,5683
j42,59,44,1,4394
j43,3,44,1,3176
j44,86,44,1,6712
j45,24,44,1,2297
j46,95,44,1,1204
j47,23,44,1,5993
j48,96,44,1,6483
j49,93,44,1,3224
j50,33,44,1,6782
j51,91,44,1,4850
j52,25,44,1,6734
j53,6,44,1,1989
j54,49,44,1,6612
j55,36,44,1,1039
j56,34,44,1,6376
j57,44,44,1,1368
j58,12,44,1,6230
j59,6,44,1,1656
j60,47,44,1,258
j61,94,44,1,7273
j62,36,44,1,5426
j63,15,44,1,3494
j64,27,44,1,174
j65,63,44,1,2983
j66,24,44,1,7120
j67,76,44,1,2311
j68,46,44,1,3507
j69,80,44,1,5828
j70,6,44,1,7089
j71,42,44,1,5290
j72,53,44,1,1573
j73,58,44,1,750
j74,84,44,1,3711
j75,67,44,1,5396
j76,74,44,1,6737
j77,28,44,1,4159
j78,65,44,1,5948
j79,38,44,1,3357
j80,91,44,1,1413
j81,37,44,1,3262
j82,50,44,1,5228
j83,80,44,1,4904
j84,11,44,1,6363
j85,1,44,1,1592
j86,100,44,1,5998
j87,21,44,1,2317
j88,68,44,1,4880
j89,25,44,1,677
j90,11,44,1,6695
j91,80,44,1,6006
j92,41,44,1,2448
j93,36,44,1,3026
j94,88,44,1,6007
j95,57,44,1,4484
j96,96,44,1,721
j97,44,44,1,6312
j98,64,44,1,5011
j99,35,44,1,524
j100,5,44,1,4743
j101,91,44,1,1289
j102,58,44,1,3982
j103,98,44,1,5762
j104,66,44,1,3346
j105,66,44,1,5111
j106,21,44,1,6537
j107,54,44,1,240
j108,27,44,1,5347
j109,34,44,1,1769
j110,21,44,1,2062
j111,80,44,1,2442
j112,83,44,1,3826
j113,88,44,1,5811
j114,37,44,1,93
j115,90,44,1,7179
j116,37,44,1,5972
j117,44,44,1,5142
j118,95,44,1,3245
j119,83,44,1,3272
j120,63,44,1,6074
j121,6,44,1,245
j122,7,44,1,4919
j123,63,44,1,7088
j124,67,44,1,6722
j125,76,44,1,3192
j126,26,44,1,5947
j127,72,44,1,1907
j128,30,44,1,1193
j129,22,44,1,3183
j130,37,44,1,1929
j131,70,44,1,6812
j132,51,44,1,3000
j133,12,44,1,7234
j134,27,44,1,3931
j135,27,44,1,6611
j136,37,44,1,1120
j137,87,44,1,5350
j138,14,44,1,1363
j139,12,44,1,6268
j140,98,44,1,5698
j141,24,44,1,4431
j142,69,44,1,935
j143,67,44,1,5611
j144,48,44,1,445
j145,10,44,1,2459
j146,28,44,1,3421
j147,77,44,1,6691
j148,67,44,1,7228
j149,12,44,1,1965
j150,29,44,1,7094
