job,m1Time,m2Time,bufferUsage,dueTime
j1,96,28,96,1960
j2,86,28,86,4683
j3,4,28,4,2501
j4,5,28,5,3916
j5,16,28,16,2738
j6,22,28,22,875
j7,29,28,29,2938
j8,58,28,58,727
j9,95,28,95,4553
j10,53,28,53,789
j11,67,28,67,4134
j12,28,28,28,3823
j13,28,28,28,1149
j14,47,28,47,761
j15,43,28,43,4678
j16,28,28,28,5000
j17,89,28,89,4068
j18,62,28,62,2070
j19,70,28,70,2092
j20,25,28,25,1677
j21,92,28,92,1028
j22,60,28,60,3033
j23,76,28,76,1575
j24,19,28,19,1366
j25,75,28,75,910
j26,85,28,85,1312
j27,55,28,55,2909
j28,61,28,61,4794
j29,54,28,54,1470
j30,89,28,89,2116
j31,58,28,58,2567
j32,62,28,62,3862
j33,2,28,2,289
j34,64,28,64,828
j35,66,28,66,2575
j36,20,28,20,4107
j37,66,28,66,973
j38,70,28,70,1261
j39,49,28,49,3091
j40,37,28,37,2560
j41,71,28,71,4131
j42,77,28,77,2239
j43,47,28,47,4996
j44,6,28,6,3869
j45,77,28,77,3103
j46,56,28,56,582
j47,36,28,36,2738
j48,63,28,63,1453
j49,99,28,99,1645
j50,99,28,99,5012
j51,14,28,14,1198
j52,35,28,35,2857
j53,13,28,13,3124
j54,3,28,3,3369
j55,9,28,9,1866
j56,33,28,33,2004
j57,42,28,42,1349
j58,30,28,30,2558
j59,42,28,42,3389
j60,29,28,29,9
j61,58,28,58,4008
j62,37,28,37,499
j63,46,28,46,4222
j64,30,28,30,2002
j65,90,28,90,1504
j66,89,28,89,1229
j67,28,28,28,132
j68,32,28,32,2426
j69,13,28,13,4596
j70,34,28,34,3727
j71,42,28,42,1197
j72,52,28,52,861
j73,96,28,96,4231
j74,36,28,36,1927
j75,93,28,93,2919
j76,78,28,78,1404
j77,76,28,76,2912
j78,7,28,7,1531
j79,25,28,25,3113
j80,44,28,44,1148
j81,3,28,3,4984
j82,46,28,46,2406
j83,84,28,84,250
j84,63,28,63,4502
j85,13,28,13,2188
j86,87,28,87,4723
j87,49,28,49,114
j88,83,28,83,2893
j89,16,28,16,4496
j90,19,28,19,2507
j91,11,28,11,3934
j92,55,28,55,2
j93,40,28,40,2786
j94,68,28,68,3129
j95,13,28,13,2957
j96,17,28,17,144
j97,80,28,80,2902
j98,72,28,72,2666
j99,19,28,19,3859
j100,53,28,53,3692
