job,m1Time,m2Time,bufferUsage,dueTime
j1,48,31,1,3674
j2,23,31,1,2281
j3,32,31,1,4761
j4,73,31,1,683
j5,45,31,1,4486
j6,37,31,1,2479
j7,72,31,1,3601
j8,31,31,1,369
j9,47,31,1,643
j10,24,31,1,3539
j11,91,31,1,2659
j12,67,31,1,1825
j13,5,31,1,573
j14,42,31,1,3906
j15,33,31,1,1389
j16,47,31,1,290
j17,69,31,1,5100
j18,56,31,1,624
j19,72,31,1,1637
j20,26,31,1,3237
j21,95,31,1,350
j22,42,31,1,2393
j23,90,31,1,27
j24,9,31,1,2347
j25,53,31,1,5198
j26,65,31,1,1742
j27,55,31,1,4787
j28,14,31,1,1796
j29,99,31,1,108
j30,41,31,1,3390
j31,38,31,1,1760
j32,38,31,1,3421
j33,28,31,1,348
j34,32,31,1,857
j35,92,31,1,4703
j36,81,31,1,2553
j37,39,31,1,283
j38,88,31,1,3328
j39,29,31,1,3510
j40,62,31,1,2340
j41,55,31,1,4207
j42,16,31,1,2158
j43,9,31,1,1047
j44,42,31,1,2022
j45,70,31,1,3115
j46,86,31,1,4516
j47,49,31,1,2264
j48,84,31,1,2853
j49,41,31,1,740
j50,77,31,1,1102
j51,51,31,1,4010
j52,3,31,1,1392
j53,15,31,1,4690
j54,86,31,1,292
j55,52,31,1,2200
j56,26,31,1,2021
j57,31,31,1,3201
j58,1,31,1,3967
j59,43,31,1,4357
j60,17,31,1,4841
j61,82,31,1,4752
j62,99,31,1,2418
j63,73,31,1,5022
j64,2,31,1,1906
j65,77,31,1,2749
j66,31,31,1,3219
j67,49,31,1,25
j68,30,31,1,1345
j69,42,31,1,3585
j70,80,31,1,3731
j71,55,31,1,2629
j72,10,31,1,2181
j73,97,31,1,1262
j74,87,31,1,4502
j75,66,31,1,3982
j76,96,31,1,3826
j77,95,31,1,4509
j78,76,31,1,2944
j79,96,31,1,1433
j80,45,31,1,2926
j81,31,31,1,455
j82,29,31,1,1228
j83,58,31,1,61
j84,68,31,1,3420
j85,47,31,1,3246
j86,59,31,1,3299
j87,72,31,1,3610
j88,82,31,1,2705
j89,16,31,1,2331
j90,17,31,1,4693
j91,50,31,1,2443
j92,45,31,1,202
j93,70,31,1,1053
j94,98,31,1,3748
j95,47,31,1,87
j96,27,31,1,3818
j97,63,31,1,541
j98,66,31,1,2697
j99,49,31,1,2944
j100,38,31,1,3107
