job,m1Time,m2Time,bufferUsage,dueTime
j1,48,49,48,1242
j2,23,49,23,2540
j3,32,49,32,4814
j4,73,49,73,4388
j5,45,49,45,2655
j6,37,49,37,4527
j7,72,49,72,2027
j8,31,49,31,4345
j9,47,49,47,2111
j10,24,49,24,175
j11,91,49,91,2292
j12,67,49,67,2688
j13,5,49,5,3008
j14,42,49,42,82
j15,33,49,33,5
j16,47,49,47,2097
j17,69,49,69,3002
j18,56,49,56,3071
j19,72,49,72,699
j20,26,49,26,3164
j21,95,49,95,1755
j22,42,49,42,2531
j23,90,49,90,1740
j24,9,49,9,339
j25,53,49,53,54
j26,65,49,65,3396
j27,55,49,55,4955
j28,14,49,14,5089
j29,99,49,99,2691
j30,41,49,41,709
j31,38,49,38,1234
j32,38,49,38,1460
j33,28,49,28,1433
j34,32,49,32,148
j35,92,49,92,2549
j36,81,49,81,4623
j37,39,49,39,5687
j38,88,49,88,3894
j39,29,49,29,5821
j40,62,49,62,5639
j41,55,49,55,2787
j42,16,49,16,780
j43,9,49,9,290
j44,42,49,42,5846
j45,70,49,70,110
j46,86,49,86,834
j47,49,49,49,2854
j48,84,49,84,1651
j49,41,49,41,1479
j50,77,49,77,2034
j51,51,49,51,842
j52,3,49,3,5651
j53,15,49,15,5326
j54,86,49,86,4797
j55,52,49,52,3017
j56,26,49,26,1900
j57,31,49,31,5060
j58,1,49,1,1802
j59,43,49,43,410
j60,17,49,17,4388
j61,82,49,82,2390
j62,99,49,99,4897
j63,73,49,73,581
j64,2,49,2,5765
j65,77,49,77,200
j66,31,49,31,1428
j67,49,49,49,1550
j68,30,49,30,5787
j69,42,49,42,1111
j70,80,49,80,3497
j71,55,49,55,226
j72,10,49,10,322
j73,97,49,97,3196
j74,87,49,87,3523
j75,66,49,66,3966
j76,96,49,96,531
j77,95,49,95,1206
j78,76,49,76,2741
j79,96,49,96,3664
j80,45,49,45,3010
j81,31,49,31,4054
j82,29,49,29,1680
j83,58,49,58,4456
j84,68,49,68,4767
j85,47,49,47,3926
j86,59,49,59,3808
j87,72,49,72,2056
j88,82,49,82,5088
j89,16,49,16,43
j90,17,49,17,57
j91,50,49,50,2713
j92,45,49,45,519
j93,70,49,70,4533
j94,98,49,98,5230
j95,47,49,47,4330
j96,27,49,27,1739
j97,63,49,63,3481
j98,66,49,66,5320
j99,49,49,49,3989
j100,38,49,38,990
