job,m1Time,m2Time,bufferUsage,dueTime
j1,5,76,1,5134
j2,67,76,1,6475
j3,90,76,1,3847
j4,19,76,1,8146
j5,96,76,1,8407
j6,9,76,1,3592
j7,79,76,1,9234
j8,74,76,1,7493
j9,8,76,1,497
j10,31,76,1,7344
j11,76,76,1,7951
j12,33,76,1,5888
j13,5,76,1,3640
j14,18,76,1,7121
j15,54,76,1,4368
j16,82,76,1,8680
j17,35,76,1,6735
j18,84,76,1,4656
j19,2,76,1,11068
j20,84,76,1,6687
j21,61,76,1,2233
j22,95,76,1,11226
j23,22,76,1,10415
j24,94,76,1,8886
j25,55,76,1,3196
j26,83,76,1,1273
j27,3,76,1,7962
j28,35,76,1,2388
j29,81,76,1,10959
j30,18,76,1,15
j31,33,76,1,356
j32,79,76,1,2754
j33,28,76,1,462
j34,36,76,1,3211
j35,74,76,1,9996
j36,16,76,1,275
j37,27,76,1,8284
j38,32,76,1,10259
j39,3,76,1,3908
j40,20,76,1,1068
j41,33,76,1,9917
j42,59,76,1,4980
j43,3,76,1,4703
j44,86,76,1,5072
j45,24,76,1,7076
j46,95,76,1,9251
j47,23,76,1,207
j48,96,76,1,6783
j49,93,76,1,7619
j50,33,76,1,5948
j51,91,76,1,5915
j52,25,76,1,11175
j53,6,76,1,7550
j54,49,76,1,4831
j55,36,76,1,8360
j56,34,76,1,3014
j57,44,76,1,9243
j58,12,76,1,4377
j59,6,76,1,4451
j60,47,76,1,2365
j61,94,76,1,952
j62,36,76,1,8144
j63,15,76,1,7283
j64,27,76,1,252
j65,63,76,1,4506
j66,24,76,1,8477
j67,76,76,1,1622
j68,46,76,1,4147
j69,80,76,1,2984
j70,6,76,1,6669
j71,42,76,1,2708
j72,53,76,1,6796
j73,58,76,1,348
j74,84,76,1,7823
j75,67,76,1,10744
j76,74,76,1,9762
j77,28,76,1,2637
j78,65,76,1,4930
j79,38,76,1,4814
j80,91,76,1,9269
j81,37,76,1,5528
j82,50,76,1,9394
j83,80,76,1,3850
j84,11,76,1,4322
j85,1,76,1,1981
j86,100,76,1,9891
j87,21,76,1,4241
j88,68,76,1,9353
j89,25,76,1,848
j90,11,76,1,10114
j91,80,76,1,2724
j92,41,76,1,3361
j93,36,76,1,8810
j94,88,76,1,11065
j95,57,76,1,4876
j96,96,76,1,190
j97,44,76,1,693
j98,64,76,1,5024
j99,35,76,1,5889
j100,5,76,1,4182
j101,91,76,1,584
j102,58,76,1,9154
j103,98,76,1,10538
j104,66,76,1,3291
j105,66,76,1,8182
j106,21,76,1,1904
j107,54,76,1,1061
j108,27,76,1,2668
j109,34,76,1,7591
j110,21,76,1,408
j111,80,76,1,2183
j112,83,76,1,9768
j113,88,76,1,10936
j114,37,76,1,10884
j115,90,76,1,8600
j116,37,76,1,3592
j117,44,76,1,6066
j118,95,76,1,9373
j119,83,76,1,6725
j120,63,76,1,7132
j121,6,76,1,796
j122,7,76,1,2054
j123,63,76,1,490
j124,67,76,1,9253
j125,76,76,1,1404
j126,26,76,1,8919
j127,72,76,1,1215
j128,30,76,1,6233
j129,22,76,1,7669
j130,37,76,1,3891
j131,70,76,1,9567
j132,51,76,1,4282
j133,12,76,1,807
j134,27,76,1,5668
j135,27,76,1,9586
j136,37,76,1,6478
j137,87,76,1,6002
j138,14,76,1,8310
j139,12,76,1,5736
j140,98,76,1,7401
j141,24,76,1,10805
j142,69,76,1,9270
j143,67,76,1,2929
j144,48,76,1,3445
j145,10,76,1,1529
j146,28,76,1,8664
j147,77,76,1,6188
j148,67,76,1,2852
j149,12,76,1,6503
j150,29,76,1,8956
