job,m1Time,m2Time,bufferUsage,dueTime
j1,76,79,1,3028
j2,47,79,1,7964
j3,47,79,1,5696
j4,98,79,1,7833
j5,7,79,1,8811
j6,39,79,1,1164
j7,29,79,1,2562
j8,66,79,1,4316
j9,65,79,1,11003
j10,77,79,1,7534
j11,2,79,1,9702
j12,10,79,1,5052
j13,6,79,1,9630
j14,22,79,1,8665
j15,45,79,1,8354
j16,73,79,1,7119
j17,9,79,1,970
j18,79,79,1,4259
j19,27,79,1,2270
j20,40,79,1,8122
j21,33,79,1,676
j22,56,79,1,6665
j23,19,79,1,7176
j24,97,79,1,9699
j25,36,79,1,2554
j26,50,79,1,1493
j27,73,79,1,6390
j28,93,79,1,9904
j29,16,79,1,546
j30,71,79,1,4594
j31,49,79,1,10277
j32,10,79,1,7236
j33,65,79,1,3750
j34,28,79,1,3551
j35,1,79,1,5665
j36,89,79,1,9500
j37,81,79,1,5872
j38,42,79,1,4018
j39,75,79,1,8831
j40,62,79,1,3264
j41,1,79,1,8874
j42,2,79,1,8925
j43,32,79,1,3090
j44,54,79,1,5068
j45,82,79,1,4912
j46,57,79,1,1315
j47,56,79,1,5972
j48,64,79,1,11567
j49,15,79,1,1449
j50,80,79,1,11652
j51,40,79,1,6520
j52,80,79,1,3742
j53,50,79,1,125
j54,51,79,1,6179
j55,97,79,1,10593
j56,85,79,1,6409
j57,10,79,1,607
j58,24,79,1,9367
j59,73,79,1,8540
j60,70,79,1,9720
j61,97,79,1,7452
j62,66,79,1,8472
j63,33,79,1,5131
j64,79,79,1,1944
j65,33,79,1,11639
j66,83,79,1,161
j67,82,79,1,10974
j68,12,79,1,9703
j69,30,79,1,6242
j70,12,79,1,10942
j71,44,79,1,10486
j72,26,79,1,6886
j73,44,79,1,396
j74,22,79,1,11726
j75,49,79,1,1606
j76,43,79,1,4924
j77,62,79,1,1575
j78,83,79,1,10279
j79,43,79,1,11793
j80,57,79,1,3858
j81,100,79,1,3441
j82,4,79,1,11055
j83,56,79,1,3826
j84,49,79,1,2752
j85,22,79,1,10523
j86,22,79,1,4623
j87,19,79,1,7881
j88,37,79,1,966
j89,1,79,1,8079
j90,97,79,1,10713
j91,24,79,1,9395
j92,91,79,1,5615
j93,81,79,1,1654
j94,88,79,1,464
j95,38,79,1,3580
j96,57,79,1,5718
j97,62,79,1,9424
j98,21,79,1,4837
j99,52,79,1,2448
j100,95,79,1,5538
j101,68,79,1,3915
j102,81,79,1,4094
j103,89,79,1,5703
j104,44,79,1,3925
j105,64,79,1,4757
j106,72,79,1,4640
j107,17,79,1,9410
j108,25,79,1,2416
j109,18,79,1,5468
j110,77,79,1,11803
j111,88,79,1,5725
j112,21,79,1,2071
j113,79,79,1,3473
j114,18,79,1,7144
j115,88,79,1,1586
j116,79,79,1,4710
j117,31,79,1,2457
j118,23,79,1,9076
j119,6,79,1,10476
j120,92,79,1,6042
j121,3,79,1,6745
j122,71,79,1,5580
j123,89,79,1,2888
j124,25,79,1,3001
j125,72,79,1,10878
j126,78,79,1,1861
j127,86,79,1,2928
j128,88,79,1,4105
j129,27,79,1,9742
j130,27,79,1,6582
j131,67,79,1,9475
j132,11,79,1,1412
j133,83,79,1,1510
j134,63,79,1,2636
j135,92,79,1,2864
j136,20,79,1,3565
j137,85,79,1,8158
j138,98,79,1,6331
j139,23,79,1,6435
j140,50,79,1,8728
j141,84,79,1,6854
j142,58,79,1,4976
j143,31,79,1,4124
j144,21,79,1,9627
j145,32,79,1,7536
j146,66,79,1,2637
j147,3,79,1,4493
j148,24,79,1,5828
j149,92,79,1,1086
j150,2,79,1,9009
