job,m1Time,m2Time,bufferUsage,dueTime
j1,96,48,1,945
j2,86,48,1,4230
j3,4,48,1,4735
j4,5,48,1,4713
j5,16,48,1,3724
j6,22,48,1,1556
j7,29,48,1,2627
j8,58,48,1,4059
j9,95,48,1,2912
j10,53,48,1,3088
j11,67,48,1,345
j12,28,48,1,890
j13,28,48,1,213
j14,47,48,1,4007
j15,43,48,1,608
j16,28,48,1,3862
j17,89,48,1,526
j18,62,48,1,2699
j19,70,48,1,3321
j20,25,48,1,1685
j21,92,48,1,4143
j22,60,48,1,1854
j23,76,48,1,350
j24,19,48,1,2454
j25,75,48,1,4151
j26,85,48,1,2805
j27,55,48,1,2599
j28,61,48,1,3598
j29,54,48,1,2484
j30,89,48,1,3205
j31,58,48,1,4679
j32,62,48,1,4014
j33,2,48,1,1268
j34,64,48,1,1492
j35,66,48,1,662
j36,20,48,1,3752
j37,66,48,1,2679
j38,70,48,1,1235
j39,49,48,1,2816
j40,37,48,1,3878
j41,71,48,1,2215
j42,77,48,1,1693
j43,47,48,1,4535
j44,6,48,1,3588
j45,77,48,1,1847
j46,56,48,1,417
j47,36,48,1,249
j48,63,48,1,1372
j49,99,48,1,1736
j50,99,48,1,4477
j51,14,48,1,3134
j52,35,48,1,3861
j53,13,48,1,1822
j54,3,48,1,3575
j55,9,48,1,841
j56,33,48,1,604
j57,42,48,1,203
j58,30,48,1,4341
j59,42,48,1,2380
j60,29,48,1,2887
j61,58,48,1,2719
j62,37,48,1,4512
j63,46,48,1,1722
j64,30,48,1,4165
j65,90,48,1,2744
j66,89,48,1,1094
j67,28,48,1,2846
j68,32,48,1,4436
j69,13,48,1,3250
j70,34,48,1,2737
j71,42,48,1,4192
j72,52,48,1,2908
j73,96,48,1,3482
j74,36,48,1,395
j75,93,48,1,1511
j76,78,48,1,3824
j77,76,48,1,603
j78,7,48,1,1263
j79,25,48,1,770
j80,44,48,1,620
j81,3,48,1,3838
j82,46,48,1,2968
j83,84,48,1,2145
j84,63,48,1,4533
j85,13,48,1,1551
j86,87,48,1,813
j87,49,48,1,4047
j88,83,48,1,4378
j89,16,48,1,2177
j90,19,48,1,4580
j91,11,48,1,3276
j92,55,48,1,4548
j93,40,48,1,1343
j94,68,48,1,4465
j95,13,48,1,702
j96,17,48,1,4306
j97,80,48,1,924
j98,72,48,1,4208
j99,19,48,1,1119
j100,53,48,1,174
