job,m1Time,m2Time,bufferUsage,dueTime
j1,76,24,1,6329
j2,47,24,1,6352
j3,47,24,1,5674
j4,98,24,1,2666
j5,7,24,1,4037
j6,39,24,1,2294
j7,29,24,1,2304
j8,66,24,1,4171
j9,65,24,1,2960
j10,77,24,1,6884
j11,2,24,1,4147
j12,10,24,1,4856
j13,6,24,1,3867
j14,22,24,1,6723
j15,45,24,1,2277
j16,73,24,1,3698
j17,9,24,1,242
j18,79,24,1,2262
j19,27,24,1,2591
j20,40,24,1,5957
j21,33,24,1,6830
j22,56,24,1,4807
j23,19,24,1,426
j24,97,24,1,3226
j25,36,24,1,5121
j26,50,24,1,4384
j27,73,24,1,5484
j28,93,24,1,3399
j29,16,24,1,3912
j30,71,24,1,392
j31,49,24,1,3883
j32,10,24,1,12
j33,65,24,1,440
j34,28,24,1,6511
j35,1,24,1,7344
j36,89,24,1,890
j37,81,24,1,7559
j38,42,24,1,5299
j39,75,24,1,140
j40,62,24,1,3709
j41,1,24,1,5597
j42,2,24,1,5502
j43,32,24,1,4106
j44,54,24,1,4520
j45,82,24,1,6944
j46,57,24,1,5087
j47,56,24,1,6326
j48,64,24,1,940
j49,15,24,1,2685
j50,80,24,1,7104
j51,40,24,1,2592
j52,80,24,1,4358
j53,50,24,1,3502
j54,51,24,1,3987
j55,97,24,1,740
j56,85,24,1,711
j57,10,24,1,3648
j58,24,24,1,1479
j59,73,24,1,2232
j60,70,24,1,2545
j61,97,24,1,6493
j62,66,24,1,4011
j63,33,24,1,4603
j64,79,24,1,2568
j65,33,24,1,6555
j66,83,24,1,1746
j67,82,24,1,3209
j68,12,24,1,6318
j69,30,24,1,6064
j70,12,24,1,644
j71,44,24,1,7087
j72,26,24,1,5368
j73,44,24,1,2621
j74,22,24,1,5061
j75,49,24,1,5547
j76,43,24,1,3700
j77,62,24,1,7501
j78,83,24,1,6493
j79,43,24,1,1926
j80,57,24,1,7395
j81,100,24,1,4161
j82,4,24,1,3387
j83,56,24,1,7156
j84,49,24,1,6180
j85,22,24,1,7520
j86,22,24,1,2178
j87,19,24,1,4234
j88,37,24,1,4240
j89,1,24,1,3373
j90,97,24,1,4402
j91,24,24,1,5510
j92,91,24,1,3672
j93,81,24,1,6192
j94,88,24,1,7094
j95,38,24,1,3738
j96,57,24,1,5231
j97,62,24,1,1690
j98,21,24,1,2820
j99,52,24,1,4774
j100,95,24,1,2090
j101,68,24,1,6149
j102,81,24,1,1435
j103,89,24,1,4032
j104,44,24,1,212
j105,64,24,1,6095
j106,72,24,1,7051
j107,17,24,1,296
j108,25,24,1,3083
j109,18,24,1,191
j110,77,24,1,1644
j111,88,24,1,6123
j112,21,24,1,6705
j113,79,24,1,6181
j114,18,24,1,3977
j115,88,24,1,1026
j116,79,24,1,1454
j117,31,24,1,4493
j118,23,24,1,7150
j119,6,24,1,1008
j120,92,24,1,3149
j121,3,24,1,1979
j122,71,24,1,4922
j123,89,24,1,185
j124,25,24,1,6644
j125,72,24,1,6802
j126,78,24,1,7319
j127,86,24,1,5425
j128,88,24,1,3511
j129,27,24,1,6224
j130,27,24,1,7193
j131,67,24,1,2908
j132,11,24,1,7579
j133,83,24,1,400
j134,63,24,1,6724
j135,92,24,1,4913
j136,20,24,1,2954
j137,85,24,1,7311
j138,98,24,1,5534
j139,23,24,1,1833
j140,50,24,1,4900
j141,84,24,1,1986
j142,58,24,1,7246
j143,31,24,1,5881
j144,21,24,1,1029
j145,32,24,1,100
j146,66,24,1,3456
j147,3,24,1,4243
j148,24,24,1,2398
j149,92,24,1,5096
j150,2,24,1,2399
