job,m1Time,m2Time,bufferUsage,dueTime
j1,76,50,1,7133
j2,47,50,1,630
j3,47,50,1,3934
j4,98,50,1,1505
j5,7,50,1,2628
j6,39,50,1,3535
j7,29,50,1,6434
j8,66,50,1,2615
j9,65,50,1,1314
j10,77,50,1,5736
j11,2,50,1,3201
j12,10,50,1,758
j13,6,50,1,6833
j14,22,50,1,5096
j15,45,50,1,3373
j16,73,50,1,4874
j17,9,50,1,7461
j18,79,50,1,546
j19,27,50,1,1357
j20,40,50,1,6867
j21,33,50,1,3092
j22,56,50,1,5631
j23,19,50,1,5511
j24,97,50,1,7076
j25,36,50,1,2032
j26,50,50,1,6044
j27,73,50,1,2108
j28,93,50,1,1482
j29,16,50,1,5045
j30,71,50,1,6006
j31,49,50,1,6463
j32,10,50,1,281
j33,65,50,1,3484
j34,28,50,1,632
j35,1,50,1,3774
j36,89,50,1,2090
j37,81,50,1,6142
j38,42,50,1,2134
j39,75,50,1,4378
j40,62,50,1,750
j41,1,50,1,4376
j42,2,50,1,6202
j43,32,50,1,5380
j44,54,50,1,6978
j45,82,50,1,4141
j46,57,50,1,4708
j47,56,50,1,4584
j48,64,50,1,7259
j49,15,50,1,5506
j50,80,50,1,701
j51,40,50,1,5117
j52,80,50,1,5112
j53,50,50,1,5176
j54,51,50,1,3317
j55,97,50,1,4130
j56,85,50,1,1856
j57,10,50,1,4127
j58,24,50,1,7338
j59,73,50,1,1387
j60,70,50,1,3757
j61,97,50,1,3402
j62,66,50,1,2004
j63,33,50,1,3396
j64,79,50,1,3576
j65,33,50,1,5402
j66,83,50,1,87
j67,82,50,1,5908
j68,12,50,1,6429
j69,30,50,1,5231
j70,12,50,1,6263
j71,44,50,1,5113
j72,26,50,1,2932
j73,44,50,1,2661
j74,22,50,1,444
j75,49,50,1,5501
j76,43,50,1,6575
j77,62,50,1,841
j78,83,50,1,7440
j79,43,50,1,2719
j80,57,50,1,5111
j81,100,50,1,7149
j82,4,50,1,5567
j83,56,50,1,4613
j84,49,50,1,4025
j85,22,50,1,2790
j86,22,50,1,3950
j87,19,50,1,2014
j88,37,50,1,5741
j89,1,50,1,5153
j90,97,50,1,4124
j91,24,50,1,6290
j92,91,50,1,1839
j93,81,50,1,4796
j94,88,50,1,5259
j95,38,50,1,4512
j96,57,50,1,2882
j97,62,50,1,6173
j98,21,50,1,52
j99,52,50,1,6768
j100,95,50,1,1011
j101,68,50,1,404
j102,81,50,1,5231
j103,89,50,1,3648
j104,44,50,1,2101
j105,64,50,1,2172
j106,72,50,1,6907
j107,17,50,1,2533
j108,25,50,1,5026
j109,18,50,1,3259
j110,77,50,1,3301
j111,88,50,1,1836
j112,21,50,1,5372
j113,79,50,1,6104
j114,18,50,1,5805
j115,88,50,1,2825
j116,79,50,1,6236
j117,31,50,1,7022
j118,23,50,1,2407
j119,6,50,1,839
j120,92,50,1,1972
j121,3,50,1,2118
j122,71,50,1,771
j123,89,50,1,237
j124,25,50,1,1396
j125,72,50,1,4633
j126,78,50,1,2700
j127,86,50,1,7552
j128,88,50,1,2642
j129,27,50,1,7024
j130,27,50,1,5019
j131,67,50,1,918
j132,11,50,1,3054
j133,83,50,1,1499
j134,63,50,1,4465
j135,92,50,1,2415
j136,20,50,1,7450
j137,85,50,1,7433
j138,98,50,1,5823
j139,23,50,1,3867
j140,50,50,1,5505
j141,84,50,1,1464
j142,58,50,1,137
j143,31,50,1,202
j144,21,50,1,2314
j145,32,50,1,6177
j146,66,50,1,5667
j147,3,50,1,2646
j148,24,50,1,1027
j149,92,50,1,1404
j150,2,50,1,7600
