job,m1Time,m2Time,bufferUsage,dueTime
j1,48,31,48,2852
j2,23,31,23,2138
j3,32,31,32,2456
j4,73,31,73,4313
j5,45,31,45,3144
j6,37,31,37,4529
j7,72,31,72,3243
j8,31,31,31,779
j9,47,31,47,2874
j10,24,31,24,4958
j11,91,31,91,3890
j12,67,31,67,3137
j13,5,31,5,2290
j14,42,31,42,2591
j15,33,31,33,710
j16,47,31,47,2226
j17,69,31,69,3049
j18,56,31,56,2701
j19,72,31,72,1123
j20,26,31,26,2562
j21,95,31,95,1888
j22,42,31,42,5158
j23,90,31,90,2060
j24,9,31,9,3589
j25,53,31,53,3106
j26,65,31,65,1613
j27,55,31,55,1758
j28,14,31,14,1424
j29,99,31,99,3859
j30,41,31,41,4911
j31,38,31,38,1139
j32,38,31,38,1450
j33,28,31,28,3448
j34,32,31,32,3184
j35,92,31,92,2137
j36,81,31,81,2751
j37,39,31,39,2360
j38,88,31,88,1006
j39,29,31,29,170
j40,62,31,62,4976
j41,55,31,55,4337
j42,16,31,16,511
j43,9,31,9,1530
j44,42,31,42,3181
j45,70,31,70,2865
j46,86,31,86,2402
j47,49,31,49,565
j48,84,31,84,489
j49,41,31,41,2882
j50,77,31,77,4261
j51,51,31,51,926
j52,3,31,3,4362
j53,15,31,15,3543
j54,86,31,86,3307
j55,52,31,52,2809
j56,26,31,26,587
j57,31,31,31,4029
j58,1,31,1,5052
j59,43,31,43,3571
j60,17,31,17,721
j61,82,31,82,77
j62,99,31,99,42
j63,73,31,73,324
j64,2,31,2,4294
j65,77,31,77,1315
j66,31,31,31,1338
j67,49,31,49,4071
j68,30,31,30,4795
j69,42,31,42,314
j70,80,31,80,1177
j71,55,31,55,4845
j72,10,31,10,2556
j73,97,31,97,3079
j74,87,31,87,5076
j75,66,31,66,3585
j76,96,31,96,2852
j77,95,31,95,3852
j78,76,31,76,3520
j79,96,31,96,3946
j80,45,31,45,4082
j81,31,31,31,408
j82,29,31,29,2407
j83,58,31,58,2698
j84,68,31,68,1787
j85,47,31,47,3363
j86,59,31,59,2614
j87,72,31,72,4487
j88,82,31,82,4875
j89,16,31,16,1270
j90,17,31,17,3676
j91,50,31,50,3431
j92,45,31,45,2887
j93,70,31,70,3958
j94,98,31,98,3289
j95,47,31,47,906
j96,27,31,27,1609
j97,63,31,63,3116
j98,66,31,66,711
j99,49,31,49,4045
j100,38,31,38,467
