job,m1Time,m2Time,bufferUsage,dueTime
j1,96,71,96,5345
j2,86,71,86,2352
j3,4,71,4,3386
j4,5,71,5,3773
j5,16,71,16,5153
j6,22,71,22,4710
j7,29,71,29,3861
j8,58,71,58,1216
j9,95,71,95,5399
j10,53,71,53,163
j11,67,71,67,7056
j12,28,71,28,4239
j13,28,71,28,6720
j14,47,71,47,6479
j15,43,71,43,7384
j16,28,71,28,322
j17,89,71,89,1087
j18,62,71,62,4818
j19,70,71,70,4277
j20,25,71,25,2076
j21,92,71,92,1174
j22,60,71,60,3249
j23,76,71,76,3982
j24,19,71,19,4447
j25,75,71,75,2757
j26,85,71,85,7237
j27,55,71,55,7156
j28,61,71,61,3644
j29,54,71,54,4115
j30,89,71,89,5528
j31,58,71,58,6297
j32,62,71,62,3186
j33,2,71,2,5006
j34,64,71,64,2246
j35,66,71,66,1342
j36,20,71,20,3032
j37,66,71,66,2933
j38,70,71,70,56
j39,49,71,49,4612
j40,37,71,37,2492
j41,71,71,71,5506
j42,77,71,77,1285
j43,47,71,47,2283
j44,6,71,6,6840
j45,77,71,77,2197
j46,56,71,56,7098
j47,36,71,36,6962
j48,63,71,63,3729
j49,99,71,99,1764
j50,99,71,99,1383
j51,14,71,14,5355
j52,35,71,35,6760
j53,13,71,13,1160
j54,3,71,3,3528
j55,9,71,9,3100
j56,33,71,33,2274
j57,42,71,42,4812
j58,30,71,30,4684
j59,42,71,42,5189
j60,29,71,29,5192
j61,58,71,58,6746
j62,37,71,37,5331
j63,46,71,46,6710
j64,30,71,30,1200
j65,90,71,90,4652
j66,89,71,89,6034
j67,28,71,28,2824
j68,32,71,32,909
j69,13,71,13,767
j70,34,71,34,1837
j71,42,71,42,1294
j72,52,71,52,3376
j73,96,71,96,615
j74,36,71,36,5953
j75,93,71,93,2928
j76,78,71,78,6639
j77,76,71,76,3863
j78,7,71,7,4866
j79,25,71,25,3289
j80,44,71,44,699
j81,3,71,3,2366
j82,46,71,46,4756
j83,84,71,84,3238
j84,63,71,63,5054
j85,13,71,13,2613
j86,87,71,87,4885
j87,49,71,49,1733
j88,83,71,83,5492
j89,16,71,16,2223
j90,19,71,19,1018
j91,11,71,11,775
j92,55,71,55,2233
j93,40,71,40,4136
j94,68,71,68,3459
j95,13,71,13,2354
j96,17,71,17,1206
j97,80,71,80,5365
j98,72,71,72,2375
j99,19,71,19,2543
j100,53,71,53,5493
