job,m1Time,m2Time,bufferUsage,dueTime
j1,5,44,5,6401
j2,67,44,67,3
j3,90,44,90,4533
j4,19,44,19,5090
j5,96,44,96,4812
j6,9,44,9,233
j7,79,44,79,4722
j8,74,44,74,4338
j9,8,44,8,6279
j10,31,44,31,6007
j11,76,44,76,4012
j12,33,44,33,861
j13,5,44,5,3388
j14,18,44,18,6147
j15,54,44,54,1704
j16,82,44,82,429
j17,35,44,35,7282
j18,84,44,84,4188
j19,2,44,2,6333
j20,84,44,84,3896
j21,61,44,61,7989
j22,95,44,95,6782
j23,22,44,22,2690
j24,94,44,94,6175
j25,55,44,55,4099
j26,83,44,83,3766
j27,3,44,3,4863
j28,35,44,35,1245
j29,81,44,81,3303
j30,18,44,18,3152
j31,33,44,33,6868
j32,79,44,79,3638
j33,28,44,28,7566
j34,36,44,36,186
j35,74,44,74,3729
j36,16,44,16,2122
j37,27,44,27,7873
j38,32,44,32,979
j39,3,44,3,5484
j40,20,44,20,7678
j41,33,44,33,4038
j42,59,44,59,7739
j43,3,44,3,4538
j44,86,44,86,1884
j45,24,44,24,2691
j46,95,44,95,7844
j47,23,44,23,4722
j48,96,44,96,6410
j49,93,44,93,1784
j50,33,44,33,1338
j51,91,44,91,1201
j52,25,44,25,520
j53,6,44,6,4184
j54,49,44,49,886
j55,36,44,36,468
j56,34,44,34,7605
j57,44,44,44,2224
j58,12,44,12,3324
j59,6,44,6,1371
j60,47,44,47,293
j61,94,44,94,4918
j62,36,44,36,8088
j63,15,44,15,4489
j64,27,44,27,308
j65,63,44,63,7216
j66,24,44,24,1318
j67,76,44,76,687
j68,46,44,46,6053
j69,80,44,80,6635
j70,6,44,6,7878
j71,42,44,42,3075
j72,53,44,53,2062
j73,58,44,58,2251
j74,84,44,84,5554
j75,67,44,67,890
j76,74,44,74,4107
j77,28,44,28,7099
j78,65,44,65,5952
j79,38,44,38,1522
j80,91,44,91,5589
j81,37,44,37,3299
j82,50,44,50,2370
j83,80,44,80,2082
j84,11,44,11,1252
j85,1,44,1,4190
j86,100,44,100,3963
j87,21,44,21,7534
j88,68,44,68,2601
j89,25,44,25,1645
j90,11,44,11,4439
j91,80,44,80,2621
j92,41,44,41,6920
j93,36,44,36,7583
j94,88,44,88,6512
j95,57,44,57,7993
j96,96,44,96,1294
j97,44,44,44,5318
j98,64,44,64,3874
j99,35,44,35,62
j100,5,44,5,3082
j101,91,44,91,5178
j102,58,44,58,3186
j103,98,44,98,4902
j104,66,44,66,2660
j105,66,44,66,4678
j106,21,44,21,736
j107,54,44,54,2079
j108,27,44,27,6687
j109,34,44,34,17
j110,21,44,21,3015
j111,80,44,80,3301
j112,83,44,83,5169
j113,88,44,88,3605
j114,37,44,37,7133
j115,90,44,90,6509
j116,37,44,37,979
j117,44,44,44,6599
j118,95,44,95,3679
j119,83,44,83,396
j120,63,44,63,7564
j121,6,44,6,1112
j122,7,44,7,4758
j123,63,44,63,6845
j124,67,44,67,348
j125,76,44,76,234
j126,26,44,26,6010
j127,72,44,72,6330
j128,30,44,30,8125
j129,22,44,22,3423
j130,37,44,37,3392
j131,70,44,70,7995
j132,51,44,51,4593
j133,12,44,12,5399
j134,27,44,27,5290
j135,27,44,27,4025
j136,37,44,37,7167
j137,87,44,87,6750
j138,14,44,14,647
j139,12,44,12,21
j140,98,44,98,5572
j141,24,44,24,7531
j142,69,44,69,2210
j143,67,44,67,3051
j144,48,44,48,5576
j145,10,44,10,6235
j146,28,44,28,5507
j147,77,44,77,3677
j148,67,44,67,3009
j149,12,44,12,601
j150,29,44,29,717
