job,m1Time,m2Time,bufferUsage,dueTime
j1,50,74,1,3625
j2,90,74,1,3077
j3,28,74,1,1221
j4,74,74,1,2802
j5,59,74,1,1860
j6,65,74,1,1709
j7,91,74,1,2207
j8,12,74,1,565
j9,41,74,1,1499
j10,90,74,1,1430
j11,55,74,1,3116
j12,56,74,1,1651
j13,44,74,1,3433
j14,38,74,1,85
j15,21,74,1,1692
j16,55,74,1,963
j17,68,74,1,3572
j18,22,74,1,444
j19,25,74,1,2488
j20,14,74,1,3484
j21,55,74,1,1832
j22,6,74,1,3511
j23,83,74,1,2059
j24,10,74,1,855
j25,47,74,1,1221
j26,51,74,1,3559
j27,82,74,1,2142
j28,83,74,1,2908
j29,15,74,1,809
j30,28,74,1,607
j31,9,74,1,545
j32,21,74,1,236
j33,61,74,1,1898
j34,3,74,1,402
j35,23,74,1,213
j36,60,74,1,3451
j37,40,74,1,1009
j38,74,74,1,1508
j39,83,74,1,622
j40,28,74,1,133
j41,87,74,1,2231
j42,7,74,1,3670
j43,86,74,1,2037
j44,62,74,1,140
j45,53,74,1,3274
j46,32,74,1,598
j47,69,74,1,312
j48,95,74,1,2746
j49,98,74,1,3010
j50,88,74,1,3574
