job,m1Time,m2Time,bufferUsage,dueTime
j1,50,54,50,2146
j2,90,54,90,1218
j3,28,54,28,573
j4,74,54,74,728
j5,59,54,59,350
j6,65,54,65,187
j7,91,54,91,774
j8,12,54,12,2131
j9,41,54,41,2048
j10,90,54,90,13
j11,55,54,55,2061
j12,56,54,56,561
j13,44,54,44,1313
j14,38,54,38,79
j15,21,54,21,2291
j16,55,54,55,1620
j17,68,54,68,708
j18,22,54,22,2114
j19,25,54,25,2279
j20,14,54,14,2587
j21,55,54,55,598
j22,6,54,6,1627
j23,83,54,83,1828
j24,10,54,10,875
j25,47,54,47,1285
j26,51,54,51,482
j27,82,54,82,2791
j28,83,54,83,178
j29,15,54,15,128
j30,28,54,28,2105
j31,9,54,9,2145
j32,21,54,21,1150
j33,61,54,61,2799
j34,3,54,3,2608
j35,23,54,23,2321
j36,60,54,60,2224
j37,40,54,40,123
j38,74,54,74,1575
j39,83,54,83,2447
j40,28,54,28,1978
j41,87,54,87,2955
j42,7,54,7,1311
j43,86,54,86,1399
j44,62,54,62,2646
j45,53,54,53,228
j46,32,54,32,2868
j47,69,54,69,2528
j48,95,54,95,1884
j49,98,54,98,1835
j50,88,54,88,1841
