job,m1Time,m2Time,bufferUsage,dueTime
j1,73,76,1,4661
j2,54,76,1,2122
j3,36,76,1,7561
j4,24,76,1,6473
j5,48,76,1,2946
j6,32,76,1,3010
j7,77,76,1,904
j8,50,76,1,6072
j9,14,76,1,1013
j10,33,76,1,2216
j11,45,76,1,4183
j12,17,76,1,5879
j13,43,76,1,1419
j14,52,76,1,5545
j15,92,76,1,7031
j16,80,76,1,4909
j17,17,76,1,4256
j18,38,76,1,905
j19,47,76,1,1431
j20,27,76,1,7470
j21,7,76,1,6772
j22,64,76,1,6645
j23,94,76,1,353
j24,2,76,1,3689
j25,62,76,1,4604
j26,29,76,1,7329
j27,95,76,1,2909
j28,92,76,1,5563
j29,96,76,1,668
j30,8,76,1,3453
j31,88,76,1,270
j32,95,76,1,6794
j33,99,76,1,3899
j34,91,76,1,2612
j35,69,76,1,6917
j36,97,76,1,3545
j37,15,76,1,3993
j38,62,76,1,3997
j39,68,76,1,4751
j40,91,76,1,3640
j41,30,76,1,1076
j42,17,76,1,2606
j43,41,76,1,2727
j44,57,76,1,546
j45,87,76,1,7056
j46,39,76,1,1242
j47,4,76,1,1595
j48,41,76,1,5557
j49,52,76,1,6227
j50,30,76,1,7389
j51,53,76,1,3995
j52,37,76,1,3103
j53,91,76,1,7512
j54,95,76,1,83
j55,35,76,1,7363
j56,41,76,1,2798
j57,68,76,1,5403
j58,95,76,1,5650
j59,29,76,1,7337
j60,48,76,1,2182
j61,83,76,1,814
j62,7,76,1,7280
j63,92,76,1,3106
j64,53,76,1,4727
j65,91,76,1,525
j66,59,76,1,3315
j67,55,76,1,1442
j68,61,76,1,7275
j69,71,76,1,3539
j70,83,76,1,6912
j71,20,76,1,183
j72,29,76,1,6612
j73,57,76,1,3409
j74,31,76,1,812
j75,51,76,1,5288
j76,34,76,1,6527
j77,81,76,1,4326
j78,75,76,1,5246
j79,97,76,1,5640
j80,55,76,1,1391
j81,62,76,1,6990
j82,57,76,1,5623
j83,41,76,1,7096
j84,71,76,1,4940
j85,7,76,1,5834
j86,76,76,1,2597
j87,91,76,1,2985
j88,60,76,1,2610
j89,53,76,1,7294
j90,6,76,1,6400
j91,22,76,1,1741
j92,2,76,1,2629
j93,4,76,1,6291
j94,53,76,1,2180
j95,51,76,1,1974
j96,60,76,1,1008
j97,23,76,1,7046
j98,17,76,1,1517
j99,34,76,1,3404
j100,6,76,1,558
