job,m1Time,m2Time,bufferUsage,dueTime
j1,74,58,74,3141
j2,92,58,92,167
j3,71,58,71,2586
j4,56,58,56,706
j5,19,58,19,1104
j6,51,58,51,1498
j7,99,58,99,153
j8,41,58,41,1090
j9,43,58,43,2894
j10,78,58,78,168
j11,33,58,33,999
j12,4,58,4,1340
j13,76,58,76,1281
j14,47,58,47,1855
j15,30,58,30,387
j16,93,58,93,3285
j17,27,58,27,1603
j18,37,58,37,2593
j19,98,58,98,951
j20,93,58,93,1618
j21,66,58,66,2591
j22,71,58,71,484
j23,51,58,51,3011
j24,49,58,49,2149
j25,99,58,99,1115
j26,63,58,63,1990
j27,31,58,31,1380
j28,99,58,99,2424
j29,24,58,24,1426
j30,73,58,73,2573
j31,65,58,65,2949
j32,39,58,39,1778
j33,78,58,78,121
j34,12,58,12,3062
j35,1,58,1,1742
j36,5,58,5,1354
j37,48,58,48,593
j38,60,58,60,893
j39,70,58,70,2552
j40,89,58,89,679
j41,89,58,89,2120
j42,57,58,57,2514
j43,42,58,42,1082
j44,82,58,82,530
j45,55,58,55,2237
j46,43,58,43,2861
j47,59,58,59,544
j48,80,58,80,3217
j49,74,58,74,571
j50,1,58,1,374
