job,m1Time,m2Time,bufferUsage,dueTime
j1,73,53,1,3378
j2,54,53,1,1442
j3,36,53,1,4709
j4,24,53,1,4709
j5,48,53,1,2120
j6,32,53,1,849
j7,77,53,1,1808
j8,50,53,1,3745
j9,14,53,1,969
j10,33,53,1,491
j11,45,53,1,1588
j12,17,53,1,5192
j13,43,53,1,4222
j14,52,53,1,2966
j15,92,53,1,5240
j16,80,53,1,4954
j17,17,53,1,2472
j18,38,53,1,4778
j19,47,53,1,3013
j20,27,53,1,2104
j21,7,53,1,4492
j22,64,53,1,1428
j23,94,53,1,4167
j24,2,53,1,1369
j25,62,53,1,998
j26,29,53,1,1161
j27,95,53,1,2854
j28,92,53,1,5243
j29,96,53,1,998
j30,8,53,1,4843
j31,88,53,1,3251
j32,95,53,1,170
j33,99,53,1,547
j34,91,53,1,197
j35,69,53,1,1734
j36,97,53,1,2972
j37,15,53,1,4083
j38,62,53,1,2324
j39,68,53,1,1231
j40,91,53,1,4118
j41,30,53,1,2934
j42,17,53,1,3332
j43,41,53,1,4997
j44,57,53,1,2418
j45,87,53,1,97
j46,39,53,1,2469
j47,4,53,1,2071
j48,41,53,1,3764
j49,52,53,1,2783
j50,30,53,1,3684
j51,53,53,1,3542
j52,37,53,1,1325
j53,91,53,1,4542
j54,95,53,1,1896
j55,35,53,1,2586
j56,41,53,1,1853
j57,68,53,1,3751
j58,95,53,1,3098
j59,29,53,1,2097
j60,48,53,1,1704
j61,83,53,1,1765
j62,7,53,1,3092
j63,92,53,1,4634
j64,53,53,1,2094
j65,91,53,1,3627
j66,59,53,1,1930
j67,55,53,1,1653
j68,61,53,1,2415
j69,71,53,1,3866
j70,83,53,1,4133
j71,20,53,1,3480
j72,29,53,1,438
j73,57,53,1,4347
j74,31,53,1,4541
j75,51,53,1,3059
j76,34,53,1,2491
j77,81,53,1,738
j78,75,53,1,868
j79,97,53,1,4536
j80,55,53,1,104
j81,62,53,1,2389
j82,57,53,1,2548
j83,41,53,1,4995
j84,71,53,1,556
j85,7,53,1,2060
j86,76,53,1,323
j87,91,53,1,3988
j88,60,53,1,1305
j89,53,53,1,1324
j90,6,53,1,2214
j91,22,53,1,92
j92,2,53,1,4307
j93,4,53,1,1218
j94,53,53,1,1272
j95,51,53,1,748
j96,60,53,1,933
j97,23,53,1,1087
j98,17,53,1,12
j99,34,53,1,268
j100,6,53,1,607
