job,m1Time,m2Time,bufferUsage,dueTime
j1,96,71,1,4953
j2,86,71,1,3668
j3,4,71,1,2268
j4,5,71,1,4436
j5,16,71,1,2721
j6,22,71,1,5407
j7,29,71,1,4195
j8,58,71,1,2900
j9,95,71,1,6894
j10,53,71,1,4165
j11,67,71,1,1391
j12,28,71,1,6993
j13,28,71,1,6488
j14,47,71,1,5535
j15,43,71,1,1991
j16,28,71,1,793
j17,89,71,1,4960
j18,62,71,1,1487
j19,70,71,1,6827
j20,25,71,1,10
j21,92,71,1,222
j22,60,71,1,1716
j23,76,71,1,288
j24,19,71,1,2000
j25,75,71,1,6227
j26,85,71,1,172
j27,55,71,1,5160
j28,61,71,1,6391
j29,54,71,1,2434
j30,89,71,1,665
j31,58,71,1,6178
j32,62,71,1,3103
j33,2,71,1,2929
j34,64,71,1,3159
j35,66,71,1,4408
j36,20,71,1,5763
j37,66,71,1,129
j38,70,71,1,4225
j39,49,71,1,4746
j40,37,71,1,3705
j41,71,71,1,3685
j42,77,71,1,6961
j43,47,71,1,4703
j44,6,71,1,3009
j45,77,71,1,5208
j46,56,71,1,1878
j47,36,71,1,5758
j48,63,71,1,2726
j49,99,71,1,2773
j50,99,71,1,1474
j51,14,71,1,593
j52,35,71,1,5073
j53,13,71,1,4537
j54,3,71,1,157
j55,9,71,1,2807
j56,33,71,1,5281
j57,42,71,1,1011
j58,30,71,1,2584
j59,42,71,1,1859
j60,29,71,1,4154
j61,58,71,1,1687
j62,37,71,1,4234
j63,46,71,1,217
j64,30,71,1,4873
j65,90,71,1,6692
j66,89,71,1,6081
j67,28,71,1,1643
j68,32,71,1,3071
j69,13,71,1,2999
j70,34,71,1,5774
j71,42,71,1,3443
j72,52,71,1,5852
j73,96,71,1,2398
j74,36,71,1,2692
j75,93,71,1,1234
j76,78,71,1,6161
j77,76,71,1,2642
j78,7,71,1,5826
j79,25,71,1,528
j80,44,71,1,6300
j81,3,71,1,1697
j82,46,71,1,2094
j83,84,71,1,5488
j84,63,71,1,6892
j85,13,71,1,3037
j86,87,71,1,118
j87,49,71,1,432
j88,83,71,1,3130
j89,16,71,1,3668
j90,19,71,1,2605
j91,11,71,1,364
j92,55,71,1,5702
j93,40,71,1,6564
j94,68,71,1,2050
j95,13,71,1,5097
j96,17,71,1,1186
j97,80,71,1,661
j98,72,71,1,1662
j99,19,71,1,4729
j100,53,71,1,255
