job,m1Time,m2Time,bufferUsage,dueTime
j1,5,25,5,5062
j2,67,25,67,7158
j3,90,25,90,3480
j4,19,25,19,2991
j5,96,25,96,5280
j6,9,25,9,7175
j7,79,25,79,1714
j8,74,25,74,5593
j9,8,25,8,3121
j10,31,25,31,1877
j11,76,25,76,3129
j12,33,25,33,5716
j13,5,25,5,6680
j14,18,25,18,4550
j15,54,25,54,5764
j16,82,25,82,7189
j17,35,25,35,3035
j18,84,25,84,6158
j19,2,25,2,2416
j20,84,25,84,5112
j21,61,25,61,1245
j22,95,25,95,2271
j23,22,25,22,2301
j24,94,25,94,1531
j25,55,25,55,4217
j26,83,25,83,354
j27,3,25,3,2259
j28,35,25,35,153
j29,81,25,81,2763
j30,18,25,18,7046
j31,33,25,33,5761
j32,79,25,79,2749
j33,28,25,28,501
j34,36,25,36,3404
j35,74,25,74,6858
j36,16,25,16,5125
j37,27,25,27,3026
j38,32,25,32,2555
j39,3,25,3,6298
j40,20,25,20,630
j41,33,25,33,6975
j42,59,25,59,977
j43,3,25,3,2875
j44,86,25,86,3563
j45,24,25,24,2590
j46,95,25,95,3276
j47,23,25,23,2772
j48,96,25,96,2541
j49,93,25,93,4018
j50,33,25,33,7133
j51,91,25,91,4631
j52,25,25,25,673
j53,6,25,6,3291
j54,49,25,49,1981
j55,36,25,36,4404
j56,34,25,34,4651
j57,44,25,44,4791
j58,12,25,12,6050
j59,6,25,6,4931
j60,47,25,47,633
j61,94,25,94,5111
j62,36,25,36,694
j63,15,25,15,414
j64,27,25,27,949
j65,63,25,63,209
j66,24,25,24,5451
j67,76,25,76,5926
j68,46,25,46,7334
j69,80,25,80,2747
j70,6,25,6,2777
j71,42,25,42,5199
j72,53,25,53,2950
j73,58,25,58,1388
j74,84,25,84,1763
j75,67,25,67,848
j76,74,25,74,452
j77,28,25,28,1874
j78,65,25,65,5165
j79,38,25,38,4963
j80,91,25,91,31
j81,37,25,37,4994
j82,50,25,50,1359
j83,80,25,80,3182
j84,11,25,11,191
j85,1,25,1,5553
j86,100,25,100,3924
j87,21,25,21,1716
j88,68,25,68,5122
j89,25,25,25,5521
j90,11,25,11,6268
j91,80,25,80,1449
j92,41,25,41,3943
j93,36,25,36,4430
j94,88,25,88,2120
j95,57,25,57,3113
j96,96,25,96,1168
j97,44,25,44,6763
j98,64,25,64,429
j99,35,25,35,310
j100,5,25,5,5101
j101,91,25,91,5198
j102,58,25,58,2786
j103,98,25,98,6783
j104,66,25,66,6320
j105,66,25,66,5625
j106,21,25,21,5389
j107,54,25,54,297
j108,27,25,27,3817
j109,34,25,34,5929
j110,21,25,21,4793
j111,80,25,80,7160
j112,83,25,83,3177
j113,88,25,88,3390
j114,37,25,37,6412
j115,90,25,90,551
j116,37,25,37,6950
j117,44,25,44,6125
j118,95,25,95,4566
j119,83,25,83,4447
j120,63,25,63,4461
j121,6,25,6,6082
j122,7,25,7,3203
j123,63,25,63,4703
j124,67,25,67,4007
j125,76,25,76,6642
j126,26,25,26,6754
j127,72,25,72,2298
j128,30,25,30,840
j129,22,25,22,6695
j130,37,25,37,179
j131,70,25,70,5204
j132,51,25,51,6202
j133,12,25,12,2644
j134,27,25,27,1987
j135,27,25,27,3613
j136,37,25,37,2045
j137,87,25,87,5685
j138,14,25,14,893
j139,12,25,12,6150
j140,98,25,98,3075
j141,24,25,24,1711
j142,69,25,69,2502
j143,67,25,67,5730
j144,48,25,48,1775
j145,10,25,10,241
j146,28,25,28,2420
j147,77,25,77,5671
j148,67,25,67,3925
j149,12,25,12,7274
j150,29,25,29,1721
