job,m1Time,m2Time,bufferUsage,dueTime
j1,96,28,1,4892
j2,86,28,1,3650
j3,4,28,1,2350
j4,5,28,1,117
j5,16,28,1,2007
j6,22,28,1,4789
j7,29,28,1,1555
j8,58,28,1,2359
j9,95,28,1,3920
j10,53,28,1,4768
j11,67,28,1,3558
j12,28,28,1,1058
j13,28,28,1,505
j14,47,28,1,2496
j15,43,28,1,3629
j16,28,28,1,4531
j17,89,28,1,2797
j18,62,28,1,4000
j19,70,28,1,2258
j20,25,28,1,950
j21,92,28,1,2194
j22,60,28,1,3517
j23,76,28,1,3298
j24,19,28,1,4280
j25,75,28,1,1071
j26,85,28,1,4035
j27,55,28,1,1558
j28,61,28,1,3283
j29,54,28,1,455
j30,89,28,1,4503
j31,58,28,1,4040
j32,62,28,1,1646
j33,2,28,1,2035
j34,64,28,1,4040
j35,66,28,1,3016
j36,20,28,1,485
j37,66,28,1,4246
j38,70,28,1,3370
j39,49,28,1,352
j40,37,28,1,3190
j41,71,28,1,867
j42,77,28,1,2678
j43,47,28,1,3875
j44,6,28,1,2251
j45,77,28,1,3437
j46,56,28,1,4397
j47,36,28,1,161
j48,63,28,1,3596
j49,99,28,1,1190
j50,99,28,1,1387
j51,14,28,1,1643
j52,35,28,1,2574
j53,13,28,1,3909
j54,3,28,1,63
j55,9,28,1,4829
j56,33,28,1,4017
j57,42,28,1,3459
j58,30,28,1,2183
j59,42,28,1,2201
j60,29,28,1,4085
j61,58,28,1,165
j62,37,28,1,3309
j63,46,28,1,4768
j64,30,28,1,4522
j65,90,28,1,2147
j66,89,28,1,4000
j67,28,28,1,1283
j68,32,28,1,803
j69,13,28,1,2141
j70,34,28,1,1297
j71,42,28,1,4582
j72,52,28,1,2018
j73,96,28,1,4866
j74,36,28,1,2644
j75,93,28,1,4447
j76,78,28,1,754
j77,76,28,1,3599
j78,7,28,1,917
j79,25,28,1,4216
j80,44,28,1,3833
j81,3,28,1,2980
j82,46,28,1,629
j83,84,28,1,3774
j84,63,28,1,299
j85,13,28,1,1654
j86,87,28,1,2301
j87,49,28,1,4501
j88,83,28,1,4861
j89,16,28,1,1322
j90,19,28,1,4771
j91,11,28,1,3597
j92,55,28,1,2338
j93,40,28,1,4744
j94,68,28,1,1123
j95,13,28,1,2359
j96,17,28,1,4449
j97,80,28,1,3062
j98,72,28,1,3828
j99,19,28,1,4451
j100,53,28,1,3009
