job,m1Time,m2Time,bufferUsage,dueTime
j1,73,76,73,2605
j2,54,76,54,1298
j3,36,76,36,1094
j4,24,76,24,4217
j5,48,76,48,5483
j6,32,76,32,6798
j7,77,76,77,1968
j8,50,76,50,6990
j9,14,76,14,7493
j10,33,76,33,4341
j11,45,76,45,6989
j12,17,76,17,3239
j13,43,76,43,6814
j14,52,76,52,759
j15,92,76,92,2951
j16,80,76,80,5256
j17,17,76,17,5760
j18,38,76,38,286
j19,47,76,47,7503
j20,27,76,27,5650
j21,7,76,7,1444
j22,64,76,64,5902
j23,94,76,94,4681
j24,2,76,2,6526
j25,62,76,62,2412
j26,29,76,29,2920
j27,95,76,95,2875
j28,92,76,92,5722
j29,96,76,96,774
j30,8,76,8,1188
j31,88,76,88,5126
j32,95,76,95,2903
j33,99,76,99,5911
j34,91,76,91,4728
j35,69,76,69,6336
j36,97,76,97,378
j37,15,76,15,1561
j38,62,76,62,6926
j39,68,76,68,5252
j40,91,76,91,3030
j41,30,76,30,743
j42,17,76,17,6338
j43,41,76,41,6560
j44,57,76,57,6183
j45,87,76,87,3915
j46,39,76,39,4969
j47,4,76,4,7514
j48,41,76,41,6701
j49,52,76,52,2203
j50,30,76,30,919
j51,53,76,53,6714
j52,37,76,37,1951
j53,91,76,91,2038
j54,95,76,95,1239
j55,35,76,35,5485
j56,41,76,41,126
j57,68,76,68,1189
j58,95,76,95,2113
j59,29,76,29,6141
j60,48,76,48,6223
j61,83,76,83,2891
j62,7,76,7,7198
j63,92,76,92,4314
j64,53,76,53,1878
j65,91,76,91,7128
j66,59,76,59,2674
j67,55,76,55,2575
j68,61,76,61,5247
j69,71,76,71,6530
j70,83,76,83,7445
j71,20,76,20,854
j72,29,76,29,3027
j73,57,76,57,9
j74,31,76,31,963
j75,51,76,51,3832
j76,34,76,34,5294
j77,81,76,81,4918
j78,75,76,75,2232
j79,97,76,97,5019
j80,55,76,55,6951
j81,62,76,62,7813
j82,57,76,57,2306
j83,41,76,41,3073
j84,71,76,71,2451
j85,7,76,7,2735
j86,76,76,76,6639
j87,91,76,91,7809
j88,60,76,60,3698
j89,53,76,53,5417
j90,6,76,6,5457
j91,22,76,22,6433
j92,2,76,2,5270
j93,4,76,4,4999
j94,53,76,53,1764
j95,51,76,51,2161
j96,60,76,60,1170
j97,23,76,23,6890
j98,17,76,17,6424
j99,34,76,34,4602
j100,6,76,6,1681
