job,m1Time,m2Time,bufferUsage,dueTime
j1,87,26,1,1337
j2,98,26,1,1039
j3,11,26,1,193
j4,33,26,1,995
j5,55,26,1,6719
j6,24,26,1,5641
j7,56,26,1,1084
j8,87,26,1,4351
j9,61,26,1,2335
j10,54,26,1,2047
j11,8,26,1,3439
j12,74,26,1,3978
j13,73,26,1,2444
j14,78,26,1,1442
j15,54,26,1,4462
j16,90,26,1,534
j17,100,26,1,5885
j18,32,26,1,2323
j19,80,26,1,2404
j20,58,26,1,6440
j21,55,26,1,2343
j22,32,26,1,772
j23,26,26,1,2867
j24,55,26,1,6842
j25,51,26,1,1416
j26,16,26,1,525
j27,17,26,1,4443
j28,51,26,1,7189
j29,4,26,1,7487
j30,85,26,1,1348
j31,14,26,1,2252
j32,16,26,1,3741
j33,2,26,1,6709
j34,55,26,1,4606
j35,48,26,1,5854
j36,39,26,1,521
j37,56,26,1,3630
j38,3,26,1,5038
j39,37,26,1,801
j40,28,26,1,1387
j41,23,26,1,6078
j42,32,26,1,6251
j43,42,26,1,5448
j44,67,26,1,4647
j45,42,26,1,7323
j46,26,26,1,4271
j47,96,26,1,272
j48,91,26,1,2773
j49,91,26,1,2862
j50,88,26,1,6662
j51,31,26,1,5247
j52,61,26,1,7262
j53,99,26,1,7035
j54,7,26,1,3085
j55,30,26,1,5019
j56,56,26,1,1733
j57,64,26,1,7490
j58,50,26,1,5196
j59,39,26,1,3989
j60,2,26,1,6101
j61,7,26,1,2809
j62,85,26,1,6983
j63,77,26,1,5232
j64,46,26,1,6599
j65,82,26,1,880
j66,52,26,1,6125
j67,87,26,1,3537
j68,12,26,1,6645
j69,72,26,1,6394
j70,45,26,1,1946
j71,86,26,1,815
j72,26,26,1,369
j73,33,26,1,6134
j74,11,26,1,4134
j75,86,26,1,585
j76,97,26,1,1491
j77,94,26,1,2149
j78,24,26,1,3592
j79,94,26,1,4399
j80,42,26,1,2044
j81,100,26,1,1700
j82,45,26,1,3502
j83,91,26,1,4238
j84,67,26,1,3005
j85,45,26,1,2930
j86,24,26,1,3049
j87,90,26,1,4928
j88,29,26,1,2515
j89,33,26,1,6870
j90,72,26,1,5974
j91,97,26,1,757
j92,22,26,1,2846
j93,92,26,1,6808
j94,65,26,1,4066
j95,18,26,1,1505
j96,27,26,1,674
j97,59,26,1,6052
j98,10,26,1,6140
j99,53,26,1,2722
j100,92,26,1,1935
j101,58,26,1,4349
j102,15,26,1,3681
j103,88,26,1,520
j104,8,26,1,6044
j105,54,26,1,6348
j106,19,26,1,4971
j107,76,26,1,226
j108,19,26,1,3158
j109,53,26,1,5165
j110,87,26,1,966
j111,78,26,1,6117
j112,83,26,1,6241
j113,54,26,1,694
j114,14,26,1,2484
j115,26,26,1,1528
j116,25,26,1,1027
j117,39,26,1,3274
j118,88,26,1,6382
j119,72,26,1,323
j120,90,26,1,6547
j121,38,26,1,3585
j122,3,26,1,3841
j123,87,26,1,2222
j124,50,26,1,6471
j125,37,26,1,6524
j126,9,26,1,3258
j127,46,26,1,6867
j128,41,26,1,3362
j129,40,26,1,1274
j130,7,26,1,7376
j131,26,26,1,3655
j132,3,26,1,4225
j133,51,26,1,583
j134,55,26,1,3361
j135,42,26,1,2499
j136,5,26,1,6539
j137,52,26,1,5559
j138,33,26,1,229
j139,47,26,1,1055
j140,90,26,1,1149
j141,25,26,1,6186
j142,57,26,1,6192
j143,17,26,1,6820
j144,25,26,1,3374
j145,66,26,1,2679
j146,54,26,1,2793
j147,46,26,1,2631
j148,20,26,1,6591
j149,88,26,1,2322
j150,34,26,1,7188
