job,m1Time,m2Time,bufferUsage,dueTime
j1,74,78,74,148
j2,92,78,92,3645
j3,71,78,71,3399
j4,56,78,56,2042
j5,19,78,19,3632
j6,51,78,51,2771
j7,99,78,99,326
j8,41,78,41,2984
j9,43,78,43,3708
j10,78,78,78,3741
j11,33,78,33,2964
j12,4,78,4,1499
j13,76,78,76,754
j14,47,78,47,2167
j15,30,78,30,1046
j16,93,78,93,1819
j17,27,78,27,2756
j18,37,78,37,3279
j19,98,78,98,3227
j20,93,78,93,1396
j21,66,78,66,3518
j22,71,78,71,1518
j23,51,78,51,3180
j24,49,78,49,3037
j25,99,78,99,1021
j26,63,78,63,1974
j27,31,78,31,1872
j28,99,78,99,2019
j29,24,78,24,13
j30,73,78,73,3017
j31,65,78,65,1604
j32,39,78,39,3522
j33,78,78,78,2691
j34,12,78,12,1492
j35,1,78,1,750
j36,5,78,5,2854
j37,48,78,48,2975
j38,60,78,60,214
j39,70,78,70,3208
j40,89,78,89,1293
j41,89,78,89,875
j42,57,78,57,3122
j43,42,78,42,174
j44,82,78,82,110
j45,55,78,55,1090
j46,43,78,43,1226
j47,59,78,59,1432
j48,80,78,80,400
j49,74,78,74,2601
j50,1,78,1,455
