job,m1Time,m2Time,bufferUsage,dueTime
j1,48,73,48,2402
j2,23,73,23,2634
j3,32,73,32,1073
j4,73,73,73,1945
j5,45,73,45,225
j6,37,73,37,2985
j7,72,73,72,3353
j8,31,73,31,1657
j9,47,73,47,3770
j10,24,73,24,3567
j11,91,73,91,4186
j12,67,73,67,4629
j13,5,73,5,46
j14,42,73,42,6822
j15,33,73,33,5417
j16,47,73,47,6340
j17,69,73,69,5721
j18,56,73,56,1787
j19,72,73,72,4322
j20,26,73,26,1264
j21,95,73,95,6296
j22,42,73,42,1052
j23,90,73,90,2944
j24,9,73,9,6701
j25,53,73,53,3360
j26,65,73,65,3731
j27,55,73,55,2410
j28,14,73,14,1259
j29,99,73,99,1879
j30,41,73,41,1137
j31,38,73,38,4091
j32,38,73,38,1034
j33,28,73,28,780
j34,32,73,32,6988
j35,92,73,92,3950
j36,81,73,81,6693
j37,39,73,39,6622
j38,88,73,88,462
j39,29,73,29,1286
j40,62,73,62,2214
j41,55,73,55,3441
j42,16,73,16,6957
j43,9,73,9,2593
j44,42,73,42,5597
j45,70,73,70,7409
j46,86,73,86,1264
j47,49,73,49,2200
j48,84,73,84,4126
j49,41,73,41,334
j50,77,73,77,6988
j51,51,73,51,7274
j52,3,73,3,4172
j53,15,73,15,5014
j54,86,73,86,6708
j55,52,73,52,5946
j56,26,73,26,1299
j57,31,73,31,4589
j58,1,73,1,2491
j59,43,73,43,4442
j60,17,73,17,6680
j61,82,73,82,1946
j62,99,73,99,2752
j63,73,73,73,437
j64,2,73,2,3240
j65,77,73,77,1275
j66,31,73,31,3267
j67,49,73,49,1717
j68,30,73,30,2285
j69,42,73,42,273
j70,80,73,80,3493
j71,55,73,55,6801
j72,10,73,10,3182
j73,97,73,97,5115
j74,87,73,87,7307
j75,66,73,66,2670
j76,96,73,96,1181
j77,95,73,95,3665
j78,76,73,76,4570
j79,96,73,96,4933
j80,45,73,45,4006
j81,31,73,31,5414
j82,29,73,29,3459
j83,58,73,58,2557
j84,68,73,68,6377
j85,47,73,47,807
j86,59,73,59,5900
j87,72,73,72,5540
j88,82,73,82,1531
j89,16,73,16,4784
j90,17,73,17,212
j91,50,73,50,4385
j92,45,73,45,4956
j93,70,73,70,2274
j94,98,73,98,5805
j95,47,73,47,7364
j96,27,73,27,6944
j97,63,73,63,2544
j98,66,73,66,6377
j99,49,73,49,3214
j100,38,73,38,6301
