job,m1Time,m2Time,bufferUsage,dueTime
j1,50,22,50,886
j2,18,22,18,1624
j3,21,22,21,1497
j4,14,22,14,1825
j5,39,22,39,1946
j6,23,22,23,952
j7,82,22,82,515
j8,54,22,54,443
j9,67,22,67,366
j10,30,22,30,2365
j11,80,22,80,2090
j12,60,22,60,2099
j13,60,22,60,44
j14,83,22,83,1945
j15,20,22,20,1911
j16,66,22,66,325
j17,40,22,40,2185
j18,3,22,3,595
j19,60,22,60,1264
j20,55,22,55,251
j21,49,22,49,1272
j22,32,22,32,2233
j23,83,22,83,1110
j24,81,22,81,991
j25,25,22,25,1248
j26,98,22,98,256
j27,78,22,78,289
j28,54,22,54,2445
j29,95,22,95,1805
j30,16,22,16,1306
j31,38,22,38,1762
j32,18,22,18,1756
j33,27,22,27,2091
j34,71,22,71,2228
j35,95,22,95,1102
j36,17,22,17,1728
j37,38,22,38,231
j38,16,22,16,59
j39,92,22,92,322
j40,81,22,81,2233
j41,15,22,15,246
j42,17,22,17,30
j43,19,22,19,1625
j44,71,22,71,953
j45,25,22,25,1569
j46,84,22,84,1256
j47,92,22,92,601
j48,51,22,51,818
j49,2,22,2,629
j50,28,22,28,1886
