job,m1Time,m2Time,bufferUsage,dueTime
j1,50,26,1,350
j2,90,26,1,1494
j3,28,26,1,2149
j4,74,26,1,110
j5,59,26,1,74
j6,65,26,1,1887
j7,91,26,1,1988
j8,12,26,1,2551
j9,41,26,1,1075
j10,90,26,1,1065
j11,55,26,1,2511
j12,56,26,1,1443
j13,44,26,1,1695
j14,38,26,1,1661
j15,21,26,1,1264
j16,55,26,1,2251
j17,68,26,1,2120
j18,22,26,1,203
j19,25,26,1,7
j20,14,26,1,1750
j21,55,26,1,2365
j22,6,26,1,694
j23,83,26,1,958
j24,10,26,1,1751
j25,47,26,1,1958
j26,51,26,1,1729
j27,82,26,1,1155
j28,83,26,1,945
j29,15,26,1,189
j30,28,26,1,225
j31,9,26,1,1764
j32,21,26,1,2494
j33,61,26,1,1213
j34,3,26,1,1043
j35,23,26,1,1840
j36,60,26,1,2500
j37,40,26,1,598
j38,74,26,1,1949
j39,83,26,1,1088
j40,28,26,1,654
j41,87,26,1,1091
j42,7,26,1,1992
j43,86,26,1,2328
j44,62,26,1,1586
j45,53,26,1,2009
j46,32,26,1,2505
j47,69,26,1,1058
j48,95,26,1,2146
j49,98,26,1,842
j50,88,26,1,1782
