job,m1Time,m2Time,bufferUsage,dueTime
j1,73,53,73,2826
j2,54,53,54,2827
j3,36,53,36,376
j4,24,53,24,3620
j5,48,53,48,4508
j6,32,53,32,3938
j7,77,53,77,5812
j8,50,53,50,438
j9,14,53,14,4610
j10,33,53,33,2034
j11,45,53,45,2665
j12,17,53,17,4896
j13,43,53,43,6141
j14,52,53,52,4678
j15,92,53,92,3487
j16,80,53,80,3985
j17,17,53,17,5490
j18,38,53,38,981
j19,47,53,47,6120
j20,27,53,27,5434
j21,7,53,7,2400
j22,64,53,64,491
j23,94,53,94,5408
j24,2,53,2,5572
j25,62,53,62,687
j26,29,53,29,901
j27,95,53,95,1810
j28,92,53,92,94
j29,96,53,96,5550
j30,8,53,8,3386
j31,88,53,88,3452
j32,95,53,95,731
j33,99,53,99,581
j34,91,53,91,4547
j35,69,53,69,6084
j36,97,53,97,4538
j37,15,53,15,4102
j38,62,53,62,4356
j39,68,53,68,1500
j40,91,53,91,2456
j41,30,53,30,5386
j42,17,53,17,2954
j43,41,53,41,4724
j44,57,53,57,958
j45,87,53,87,2437
j46,39,53,39,3037
j47,4,53,4,3160
j48,41,53,41,1320
j49,52,53,52,1465
j50,30,53,30,3420
j51,53,53,53,4693
j52,37,53,37,6039
j53,91,53,91,290
j54,95,53,95,6094
j55,35,53,35,3977
j56,41,53,41,3534
j57,68,53,68,5360
j58,95,53,95,3864
j59,29,53,29,3809
j60,48,53,48,3564
j61,83,53,83,4813
j62,7,53,7,3063
j63,92,53,92,2840
j64,53,53,53,5478
j65,91,53,91,87
j66,59,53,59,1319
j67,55,53,55,1561
j68,61,53,61,3231
j69,71,53,71,1306
j70,83,53,83,4854
j71,20,53,20,5756
j72,29,53,29,3158
j73,57,53,57,4384
j74,31,53,31,2736
j75,51,53,51,4516
j76,34,53,34,2217
j77,81,53,81,2891
j78,75,53,75,5784
j79,97,53,97,3972
j80,55,53,55,1059
j81,62,53,62,2174
j82,57,53,57,4562
j83,41,53,41,474
j84,71,53,71,962
j85,7,53,7,2802
j86,76,53,76,2141
j87,91,53,91,2761
j88,60,53,60,4834
j89,53,53,53,5184
j90,6,53,6,4739
j91,22,53,22,5387
j92,2,53,2,2175
j93,4,53,4,321
j94,53,53,53,5125
j95,51,53,51,4238
j96,60,53,60,5684
j97,23,53,23,3145
j98,17,53,17,3933
j99,34,53,34,3010
j100,6,53,6,876
