job,m1Time,m2Time,bufferUsage,dueTime
j1,74,40,74,2299
j2,92,40,92,169
j3,71,40,71,1271
j4,56,40,56,2273
j5,19,40,19,2891
j6,51,40,51,1025
j7,99,40,99,418
j8,41,40,41,2727
j9,43,40,43,1909
j10,78,40,78,2456
j11,33,40,33,584
j12,4,40,4,1308
j13,76,40,76,2874
j14,47,40,47,2877
j15,30,40,30,2906
j16,93,40,93,631
j17,27,40,27,208
j18,37,40,37,2297
j19,98,40,98,46
j20,93,40,93,2802
j21,66,40,66,856
j22,71,40,71,1954
j23,51,40,51,2541
j24,49,40,49,562
j25,99,40,99,2874
j26,63,40,63,261
j27,31,40,31,1434
j28,99,40,99,2622
j29,24,40,24,54
j30,73,40,73,1436
j31,65,40,65,2284
j32,39,40,39,2184
j33,78,40,78,1612
j34,12,40,12,20
j35,1,40,1,1629
j36,5,40,5,355
j37,48,40,48,2335
j38,60,40,60,2666
j39,70,40,70,929
j40,89,40,89,391
j41,89,40,89,2394
j42,57,40,57,2572
j43,42,40,42,699
j44,82,40,82,2754
j45,55,40,55,1699
j46,43,40,43,1738
j47,59,40,59,1034
j48,80,40,80,1751
j49,74,40,74,696
j50,1,40,1,1830
