job,m1Time,m2Time,bufferUsage,dueTime
j1,5,76,5,6133
j2,67,76,67,8335
j3,90,76,90,1454
j4,19,76,19,4243
j5,96,76,96,6292
j6,9,76,9,8096
j7,79,76,79,10936
j8,74,76,74,6177
j9,8,76,8,3470
j10,31,76,31,11088
j11,76,76,76,1381
j12,33,76,33,7672
j13,5,76,5,1091
j14,18,76,18,3715
j15,54,76,54,524
j16,82,76,82,1073
j17,35,76,35,4018
j18,84,76,84,4240
j19,2,76,2,11093
j20,84,76,84,11556
j21,61,76,61,7091
j22,95,76,95,8960
j23,22,76,22,1593
j24,94,76,94,9807
j25,55,76,55,5392
j26,83,76,83,6371
j27,3,76,3,1854
j28,35,76,35,8054
j29,81,76,81,10248
j30,18,76,18,4110
j31,33,76,33,2256
j32,79,76,79,598
j33,28,76,28,3953
j34,36,76,36,126
j35,74,76,74,6425
j36,16,76,16,7104
j37,27,76,27,3407
j38,32,76,32,9774
j39,3,76,3,11027
j40,20,76,20,10195
j41,33,76,33,10863
j42,59,76,59,2184
j43,3,76,3,2229
j44,86,76,86,5247
j45,24,76,24,6830
j46,95,76,95,24
j47,23,76,23,1234
j48,96,76,96,6527
j49,93,76,93,5111
j50,33,76,33,194
j51,91,76,91,11220
j52,25,76,25,11141
j53,6,76,6,7606
j54,49,76,49,3658
j55,36,76,36,2605
j56,34,76,34,10126
j57,44,76,44,4190
j58,12,76,12,1146
j59,6,76,6,9284
j60,47,76,47,10799
j61,94,76,94,4584
j62,36,76,36,10956
j63,15,76,15,5850
j64,27,76,27,9160
j65,63,76,63,6404
j66,24,76,24,2047
j67,76,76,76,6873
j68,46,76,46,1699
j69,80,76,80,10652
j70,6,76,6,1844
j71,42,76,42,9671
j72,53,76,53,8943
j73,58,76,58,2687
j74,84,76,84,1780
j75,67,76,67,10945
j76,74,76,74,11696
j77,28,76,28,9517
j78,65,76,65,4842
j79,38,76,38,4894
j80,91,76,91,3924
j81,37,76,37,2406
j82,50,76,50,7095
j83,80,76,80,3685
j84,11,76,11,3196
j85,1,76,1,2129
j86,100,76,100,3068
j87,21,76,21,6804
j88,68,76,68,11214
j89,25,76,25,3439
j90,11,76,11,4950
j91,80,76,80,6004
j92,41,76,41,9035
j93,36,76,36,675
j94,88,76,88,1938
j95,57,76,57,6023
j96,96,76,96,9609
j97,44,76,44,2276
j98,64,76,64,2950
j99,35,76,35,7232
j100,5,76,5,5989
j101,91,76,91,9664
j102,58,76,58,5237
j103,98,76,98,11689
j104,66,76,66,9051
j105,66,76,66,7259
j106,21,76,21,1361
j107,54,76,54,6406
j108,27,76,27,3398
j109,34,76,34,3848
j110,21,76,21,11725
j111,80,76,80,2802
j112,83,76,83,6683
j113,88,76,88,7308
j114,37,76,37,7882
j115,90,76,90,4366
j116,37,76,37,4688
j117,44,76,44,3156
j118,95,76,95,5983
j119,83,76,83,7927
j120,63,76,63,21
j121,6,76,6,9377
j122,7,76,7,1166
j123,63,76,63,9877
j124,67,76,67,4682
j125,76,76,76,3517
j126,26,76,26,2875
j127,72,76,72,309
j128,30,76,30,5674
j129,22,76,22,10751
j130,37,76,37,8718
j131,70,76,70,2799
j132,51,76,51,2013
j133,12,76,12,9898
j134,27,76,27,4508
j135,27,76,27,6829
j136,37,76,37,3285
j137,87,76,87,6813
j138,14,76,14,3580
j139,12,76,12,7282
j140,98,76,98,2685
j141,24,76,24,11660
j142,69,76,69,5629
j143,67,76,67,583
j144,48,76,48,10531
j145,10,76,10,5119
j146,28,76,28,11049
j147,77,76,77,265
j148,67,76,67,6767
j149,12,76,12,10517
j150,29,76,29,5866
