job,m1Time,m2Time,bufferUsage,dueTime
j1,50,26,50,2121
j2,90,26,90,1117
j3,28,26,28,1640
j4,74,26,74,1398
j5,59,26,59,2316
j6,65,26,65,2356
j7,91,26,91,802
j8,12,26,12,293
j9,41,26,41,2335
j10,90,26,90,63
j11,55,26,55,1815
j12,56,26,56,2163
j13,44,26,44,922
j14,38,26,38,693
j15,21,26,21,1260
j16,55,26,55,713
j17,68,26,68,1983
j18,22,26,22,312
j19,25,26,25,2145
j20,14,26,14,1072
j21,55,26,55,597
j22,6,26,6,873
j23,83,26,83,1998
j24,10,26,10,619
j25,47,26,47,84
j26,51,26,51,844
j27,82,26,82,1978
j28,83,26,83,1369
j29,15,26,15,2537
j30,28,26,28,601
j31,9,26,9,984
j32,21,26,21,719
j33,61,26,61,783
j34,3,26,3,1274
j35,23,26,23,2272
j36,60,26,60,405
j37,40,26,40,88
j38,74,26,74,735
j39,83,26,83,119
j40,28,26,28,1218
j41,87,26,87,33
j42,7,26,7,2343
j43,86,26,86,500
j44,62,26,62,2121
j45,53,26,53,405
j46,32,26,32,682
j47,69,26,69,1076
j48,95,26,95,812
j49,98,26,98,65
j50,88,26,88,905
