job,m1Time,m2Time,bufferUsage,dueTime
j1,5,25,1,5334
j2,67,25,1,3467
j3,90,25,1,7035
j4,19,25,1,1666
j5,96,25,1,3497
j6,9,25,1,6597
j7,79,25,1,4541
j8,74,25,1,5676
j9,8,25,1,6600
j10,31,25,1,4461
j11,76,25,1,5251
j12,33,25,1,2310
j13,5,25,1,3326
j14,18,25,1,3707
j15,54,25,1,5062
j16,82,25,1,4627
j17,35,25,1,3793
j18,84,25,1,1194
j19,2,25,1,5305
j20,84,25,1,160
j21,61,25,1,6932
j22,95,25,1,4165
j23,22,25,1,6603
j24,94,25,1,6366
j25,55,25,1,7255
j26,83,25,1,316
j27,3,25,1,1068
j28,35,25,1,4733
j29,81,25,1,4202
j30,18,25,1,2039
j31,33,25,1,1154
j32,79,25,1,3192
j33,28,25,1,3912
j34,36,25,1,4369
j35,74,25,1,2709
j36,16,25,1,7110
j37,27,25,1,7030
j38,32,25,1,3580
j39,3,25,1,4043
j40,20,25,1,5431
j41,33,25,1,6187
j42,59,25,1,3130
j43,3,25,1,4919
j44,86,25,1,2207
j45,24,25,1,1318
j46,95,25,1,2979
j47,23,25,1,2882
j48,96,25,1,55
j49,93,25,1,4531
j50,33,25,1,2448
j51,91,25,1,5410
j52,25,25,1,1263
j53,6,25,1,2243
j54,49,25,1,6720
j55,36,25,1,2158
j56,34,25,1,6973
j57,44,25,1,6841
j58,12,25,1,3664
j59,6,25,1,1733
j60,47,25,1,1359
j61,94,25,1,5261
j62,36,25,1,6641
j63,15,25,1,1140
j64,27,25,1,3466
j65,63,25,1,3046
j66,24,25,1,2234
j67,76,25,1,4728
j68,46,25,1,4602
j69,80,25,1,5098
j70,6,25,1,5101
j71,42,25,1,6627
j72,53,25,1,5237
j73,58,25,1,6593
j74,84,25,1,1179
j75,67,25,1,4570
j76,74,25,1,5928
j77,28,25,1,2775
j78,65,25,1,893
j79,38,25,1,754
j80,91,25,1,1805
j81,37,25,1,1271
j82,50,25,1,3316
j83,80,25,1,605
j84,11,25,1,5849
j85,1,25,1,2877
j86,100,25,1,6523
j87,21,25,1,3796
j88,68,25,1,4781
j89,25,25,1,3232
j90,11,25,1,687
j91,80,25,1,2324
j92,41,25,1,4672
j93,36,25,1,3181
j94,88,25,1,4965
j95,57,25,1,2568
j96,96,25,1,4799
j97,44,25,1,1703
j98,64,25,1,5396
j99,35,25,1,2184
j100,5,25,1,1001
j101,91,25,1,761
j102,58,25,1,2194
j103,98,25,1,4063
j104,66,25,1,3398
j105,66,25,1,2313
j106,21,25,1,1185
j107,54,25,1,5271
j108,27,25,1,2333
j109,34,25,1,2498
j110,21,25,1,5396
j111,80,25,1,886
j112,83,25,1,1425
j113,88,25,1,5184
j114,37,25,1,3552
j115,90,25,1,3539
j116,37,25,1,1548
j117,44,25,1,4524
j118,95,25,1,4423
j119,83,25,1,729
j120,63,25,1,7250
j121,6,25,1,3187
j122,7,25,1,560
j123,63,25,1,6955
j124,67,25,1,1889
j125,76,25,1,106
j126,26,25,1,2239
j127,72,25,1,1056
j128,30,25,1,5152
j129,22,25,1,2622
j130,37,25,1,6412
j131,70,25,1,6310
j132,51,25,1,5985
j133,12,25,1,1145
j134,27,25,1,6638
j135,27,25,1,277
j136,37,25,1,3906
j137,87,25,1,2844
j138,14,25,1,4198
j139,12,25,1,536
j140,98,25,1,6669
j141,24,25,1,4790
j142,69,25,1,5041
j143,67,25,1,2933
j144,48,25,1,6300
j145,10,25,1,419
j146,28,25,1,6001
j147,77,25,1,6719
j148,67,25,1,6712
j149,12,25,1,4371
j150,29,25,1,5043
