job,m1Time,m2Time,bufferUsage,dueTime
j1,50,50,1,2206
j2,18,50,1,2383
j3,21,50,1,2473
j4,14,50,1,1182
j5,39,50,1,1908
j6,23,50,1,2298
j7,82,50,1,1940
j8,54,50,1,524
j9,67,50,1,1443
j10,30,50,1,1653
j11,80,50,1,763
j12,60,50,1,305
j13,60,50,1,1931
j14,83,50,1,1
j15,20,50,1,1715
j16,66,50,1,1691
j17,40,50,1,296
j18,3,50,1,1663
j19,60,50,1,1848
j20,55,50,1,271
j21,49,50,1,259
j22,32,50,1,2219
j23,83,50,1,2436
j24,81,50,1,445
j25,25,50,1,322
j26,98,50,1,2109
j27,78,50,1,2303
j28,54,50,1,1482
j29,95,50,1,1026
j30,16,50,1,1237
j31,38,50,1,1232
j32,18,50,1,882
j33,27,50,1,1293
j34,71,50,1,1342
j35,95,50,1,1535
j36,17,50,1,690
j37,38,50,1,1008
j38,16,50,1,2268
j39,92,50,1,2094
j40,81,50,1,2442
j41,15,50,1,1984
j42,17,50,1,551
j43,19,50,1,709
j44,71,50,1,469
j45,25,50,1,1880
j46,84,50,1,885
j47,92,50,1,838
j48,51,50,1,1137
j49,2,50,1,2416
j50,28,50,1,681
