job,m1Time,m2Time,bufferUsage,dueTime
j1,50,50,50,2552
j2,18,50,18,2610
j3,21,50,21,2093
j4,14,50,14,2828
j5,39,50,39,219
j6,23,50,23,2408
j7,82,50,82,1264
j8,54,50,54,2883
j9,67,50,67,1536
j10,30,50,30,2122
j11,80,50,80,1309
j12,60,50,60,2780
j13,60,50,60,188
j14,83,50,83,374
j15,20,50,20,736
j16,66,50,66,471
j17,40,50,40,2732
j18,3,50,3,6
j19,60,50,60,984
j20,55,50,55,998
j21,49,50,49,1199
j22,32,50,32,1455
j23,83,50,83,152
j24,81,50,81,1556
j25,25,50,25,1620
j26,98,50,98,2038
j27,78,50,78,2062
j28,54,50,54,311
j29,95,50,95,1248
j30,16,50,16,1077
j31,38,50,38,2540
j32,18,50,18,2810
j33,27,50,27,424
j34,71,50,71,1918
j35,95,50,95,772
j36,17,50,17,1259
j37,38,50,38,1379
j38,16,50,16,2397
j39,92,50,92,1235
j40,81,50,81,346
j41,15,50,15,2185
j42,17,50,17,803
j43,19,50,19,1887
j44,71,50,71,923
j45,25,50,25,2309
j46,84,50,84,2527
j47,92,50,92,369
j48,51,50,51,2289
j49,2,50,2,2848
j50,28,50,28,2441
