job,m1Time,m2Time,bufferUsage,dueTime
j1,87,50,1,6793
j2,98,50,1,2674
j3,11,50,1,1004
j4,33,50,1,4752
j5,55,50,1,5073
j6,24,50,1,112
j7,56,50,1,5123
j8,87,50,1,4198
j9,61,50,1,4550
j10,54,50,1,4145
j11,8,50,1,5965
j12,74,50,1,5986
j13,73,50,1,3793
j14,78,50,1,1115
j15,54,50,1,4509
j16,90,50,1,7583
j17,100,50,1,1376
j18,32,50,1,2086
j19,80,50,1,2344
j20,58,50,1,6539
j21,55,50,1,5945
j22,32,50,1,3820
j23,26,50,1,4220
j24,55,50,1,3396
j25,51,50,1,5224
j26,16,50,1,7187
j27,17,50,1,3402
j28,51,50,1,4097
j29,4,50,1,544
j30,85,50,1,6962
j31,14,50,1,1082
j32,16,50,1,3476
j33,2,50,1,1036
j34,55,50,1,4973
j35,48,50,1,4477
j36,39,50,1,5809
j37,56,50,1,3445
j38,3,50,1,3563
j39,37,50,1,4270
j40,28,50,1,4873
j41,23,50,1,2274
j42,32,50,1,6468
j43,42,50,1,3091
j44,67,50,1,6855
j45,42,50,1,5130
j46,26,50,1,4790
j47,96,50,1,5678
j48,91,50,1,5713
j49,91,50,1,5686
j50,88,50,1,5246
j51,31,50,1,5356
j52,61,50,1,878
j53,99,50,1,896
j54,7,50,1,7492
j55,30,50,1,2201
j56,56,50,1,6778
j57,64,50,1,3449
j58,50,50,1,3325
j59,39,50,1,2109
j60,2,50,1,2705
j61,7,50,1,7422
j62,85,50,1,827
j63,77,50,1,3195
j64,46,50,1,4577
j65,82,50,1,42
j66,52,50,1,4394
j67,87,50,1,2455
j68,12,50,1,1625
j69,72,50,1,4819
j70,45,50,1,2872
j71,86,50,1,620
j72,26,50,1,513
j73,33,50,1,926
j74,11,50,1,2619
j75,86,50,1,7215
j76,97,50,1,1237
j77,94,50,1,1941
j78,24,50,1,7297
j79,94,50,1,6735
j80,42,50,1,2751
j81,100,50,1,4189
j82,45,50,1,2159
j83,91,50,1,3774
j84,67,50,1,4561
j85,45,50,1,347
j86,24,50,1,2604
j87,90,50,1,2078
j88,29,50,1,2884
j89,33,50,1,724
j90,72,50,1,5012
j91,97,50,1,1295
j92,22,50,1,2417
j93,92,50,1,667
j94,65,50,1,1213
j95,18,50,1,3431
j96,27,50,1,409
j97,59,50,1,4773
j98,10,50,1,2927
j99,53,50,1,2520
j100,92,50,1,4942
j101,58,50,1,6251
j102,15,50,1,1118
j103,88,50,1,3428
j104,8,50,1,3273
j105,54,50,1,141
j106,19,50,1,3927
j107,76,50,1,5213
j108,19,50,1,3988
j109,53,50,1,1497
j110,87,50,1,3334
j111,78,50,1,5222
j112,83,50,1,4715
j113,54,50,1,1978
j114,14,50,1,3520
j115,26,50,1,5951
j116,25,50,1,5354
j117,39,50,1,671
j118,88,50,1,4006
j119,72,50,1,5294
j120,90,50,1,5570
j121,38,50,1,7201
j122,3,50,1,538
j123,87,50,1,5812
j124,50,50,1,4369
j125,37,50,1,705
j126,9,50,1,3165
j127,46,50,1,2387
j128,41,50,1,523
j129,40,50,1,3932
j130,7,50,1,3905
j131,26,50,1,5262
j132,3,50,1,3017
j133,51,50,1,2554
j134,55,50,1,5104
j135,42,50,1,6830
j136,5,50,1,3822
j137,52,50,1,1559
j138,33,50,1,1680
j139,47,50,1,6039
j140,90,50,1,7335
j141,25,50,1,1454
j142,57,50,1,7163
j143,17,50,1,3047
j144,25,50,1,5701
j145,66,50,1,2484
j146,54,50,1,4652
j147,46,50,1,6617
j148,20,50,1,5445
j149,88,50,1,1422
j150,34,50,1,2901
